#### first attempt
"Subs" "FreqD1" "FreqD2" "FreqD3" "FreqD4" "FreqD5" "FreqD6" "FreqD7" "FreqD8" "FreqD9" "FreqD10" "AltFreqThreshold"
"1" "A_C" 2 2 2 2 2 1 1 2 1 2 0
"2" "A_G" 14 19 22 17 17 11 25 17 10 13 0
"3" "A_T" 0 0 1 0 1 0 1 1 0 0 0
"4" "C_A" 1 5 1 0 1 1 1 1 0 1 0
"5" "C_G" 0 0 0 0 0 0 2 1 1 0 0
"6" "C_T" 8 4 8 6 8 7 7 8 7 2 0
"7" "G_A" 27 19 25 26 27 25 19 24 28 32 0
"8" "G_C" 0 0 0 0 0 3 0 0 3 1 0
"9" "G_T" 0 1 1 1 0 0 0 1 0 1 0
"10" "T_A" 0 1 0 1 0 0 0 0 0 0 0
"11" "T_C" 22 25 17 22 20 27 18 22 26 24 0
"12" "T_G" 0 0 0 0 0 0 0 0 0 0 0
"13" "A_C" 0 0 0 0 0 0 0 0 0 0 0.1
"14" "A_G" 1 2 0 0 1 2 2 1 0 2 0.1
"15" "A_T" 0 0 0 1 0 0 0 0 0 1 0.1
"16" "C_A" 0 0 0 0 0 1 0 0 0 0 0.1
"17" "C_G" 0 0 0 0 0 0 0 0 0 0 0.1
"18" "C_T" 1 2 0 1 2 1 0 2 2 0 0.1
"19" "G_A" 2 3 2 3 2 3 1 3 2 2 0.1
"20" "G_C" 0 0 0 0 0 0 1 0 0 0 0.1
"21" "G_T" 0 0 0 0 0 0 0 0 0 0 0.1
"22" "T_A" 0 0 0 0 0 0 0 0 0 0 0.1
"23" "T_C" 5 1 6 3 3 2 4 2 4 4 0.1
"24" "T_G" 0 0 0 0 0 0 0 0 0 0 0.1
"25" "A_C" 0 0 0 0 0 0 0 1 0 0 0.2
"26" "A_G" 2 1 1 0 1 0 1 1 0 1 0.2
"27" "A_T" 0 0 0 0 0 0 0 0 0 0 0.2
"28" "C_A" 0 0 0 0 0 0 0 0 0 0 0.2
"29" "C_G" 0 0 0 0 0 0 0 0 0 0 0.2
"30" "C_T" 1 1 2 1 1 2 0 3 0 4 0.2
"31" "G_A" 0 1 1 0 1 2 1 1 1 0 0.2
"32" "G_C" 0 0 0 0 0 0 0 0 0 0 0.2
"33" "G_T" 0 0 0 0 0 0 0 0 0 0 0.2
"34" "T_A" 0 0 0 0 0 0 1 0 0 0 0.2
"35" "T_C" 2 1 1 3 1 1 0 0 2 1 0.2
"36" "T_G" 0 0 0 0 0 0 0 0 0 0 0.2
"37" "A_C" 0 0 1 0 0 0 0 0 0 0 0.3
"38" "A_G" 1 2 0 0 0 1 2 0 0 3 0.3
"39" "A_T" 0 0 0 0 0 0 0 0 0 0 0.3
"40" "C_A" 0 0 0 0 0 0 0 0 0 0 0.3
"41" "C_G" 0 0 0 0 0 0 0 0 0 0 0.3
"42" "C_T" 2 1 1 1 1 2 1 1 0 0 0.3
"43" "G_A" 2 0 1 3 0 0 1 1 1 1 0.3
"44" "G_C" 0 0 0 0 0 0 0 0 0 0 0.3
"45" "G_T" 0 0 0 0 0 0 0 0 0 0 0.3
"46" "T_A" 0 0 0 0 0 0 0 0 0 0 0.3
"47" "T_C" 0 1 1 0 3 1 0 2 3 1 0.3
"48" "T_G" 0 0 0 0 0 0 0 0 0 0 0.3
"49" "A_C" 0 0 0 0 0 0 0 0 0 0 0.4
"50" "A_G" 2 2 0 2 1 0 0 1 1 0 0.4
"51" "A_T" 0 0 0 0 0 0 0 0 0 0 0.4
"52" "C_A" 0 0 0 0 0 0 0 0 0 0 0.4
"53" "C_G" 0 0 0 0 0 0 0 0 0 0 0.4
"54" "C_T" 0 1 1 1 1 0 0 0 1 0 0.4
"55" "G_A" 0 0 1 0 0 2 2 1 1 1 0.4
"56" "G_C" 0 0 0 0 0 0 0 0 0 0 0.4
"57" "G_T" 0 0 0 0 0 0 0 0 0 0 0.4
"58" "T_A" 0 0 0 0 0 0 0 0 0 0 0.4
"59" "T_C" 2 0 1 1 1 1 2 1 0 3 0.4
"60" "T_G" 0 0 0 0 0 0 0 0 0 0 0.4
"61" "A_C" 0 0 0 0 0 0 0 0 0 0 0.5
"62" "A_G" 0 0 0 0 1 1 0 1 0 1 0.5
"63" "A_T" 0 0 0 0 0 0 0 0 0 0 0.5
"64" "C_A" 0 0 0 0 0 0 0 0 1 0 0.5
"65" "C_G" 0 0 0 0 0 0 0 0 0 0 0.5
"66" "C_T" 0 0 2 1 0 0 0 0 0 0 0.5
"67" "G_A" 2 2 0 0 0 0 0 0 0 0 0.5
"68" "G_C" 0 0 0 0 0 0 0 0 0 0 0.5
"69" "G_T" 0 0 0 0 0 0 0 0 0 0 0.5
"70" "T_A" 0 0 0 0 0 0 0 0 0 0 0.5
"71" "T_C" 0 0 0 0 1 1 0 1 1 1 0.5
"72" "T_G" 0 0 0 0 0 0 1 0 0 0 0.5
"73" "A_C" 0 0 0 0 0 0 0 0 0 0 0.6
"74" "A_G" 1 0 0 0 1 0 1 0 1 0 0.6
"75" "A_T" 0 0 0 0 0 0 1 0 0 0 0.6
"76" "C_A" 0 0 0 1 0 0 0 0 0 0 0.6
"77" "C_G" 0 0 0 0 0 0 0 0 0 0 0.6
"78" "C_T" 0 0 1 0 0 0 0 0 0 1 0.6
"79" "G_A" 0 1 0 0 0 0 0 0 0 0 0.6
"80" "G_C" 0 0 0 0 0 0 0 0 0 0 0.6
"81" "G_T" 0 0 0 0 0 0 0 0 0 0 0.6
"82" "T_A" 0 0 0 0 0 0 0 0 0 0 0.6
"83" "T_C" 1 0 1 0 1 1 0 1 1 1 0.6
"84" "T_G" 0 0 0 0 0 0 0 0 0 0 0.6
"85" "A_C" 0 0 0 0 0 0 0 0 0 0 0.7
"86" "A_G" 0 0 1 0 0 0 0 0 0 1 0.7
"87" "A_T" 0 0 0 0 0 0 0 0 0 0 0.7
"88" "C_A" 0 0 0 0 0 0 0 0 1 0 0.7
"89" "C_G" 0 0 0 0 0 0 0 0 0 0 0.7
"90" "C_T" 1 0 0 0 0 0 1 0 0 0 0.7
"91" "G_A" 0 0 0 1 1 1 0 1 0 0 0.7
"92" "G_C" 0 0 0 0 0 0 0 0 0 0 0.7
"93" "G_T" 0 0 0 0 0 0 0 0 0 0 0.7
"94" "T_A" 0 0 0 0 0 0 0 0 0 0 0.7
"95" "T_C" 1 1 0 0 0 1 0 0 0 1 0.7
"96" "T_G" 0 0 0 0 0 0 0 0 0 0 0.7
"97" "A_C" 0 0 0 0 0 0 0 0 0 0 0.8
"98" "A_G" 0 0 0 0 0 0 0 0 1 0 0.8
"99" "A_T" 0 0 0 0 0 0 0 0 0 0 0.8
"100" "C_A" 0 0 0 0 0 0 0 0 0 0 0.8
"101" "C_G" 0 0 0 0 0 0 1 0 0 0 0.8
"102" "C_T" 0 0 0 1 0 0 0 0 0 1 0.8
"103" "G_A" 0 2 0 1 1 0 1 0 0 1 0.8
"104" "G_C" 0 0 0 0 0 0 0 0 0 0 0.8
"105" "G_T" 0 0 0 0 0 0 0 0 0 0 0.8
"106" "T_A" 0 0 0 0 0 0 0 0 0 0 0.8
"107" "T_C" 2 0 2 0 1 2 0 2 1 1 0.8
"108" "T_G" 0 0 0 0 0 0 0 0 0 0 0.8
"109" "A_C" 0 0 0 0 0 0 0 0 0 1 0.9
"110" "A_G" 9 7 8 5 4 4 10 4 3 4 0.9
"111" "A_T" 0 0 0 0 1 0 0 1 0 0 0.9
"112" "C_A" 1 0 0 0 0 0 1 0 1 0 0.9
"113" "C_G" 0 0 0 1 0 0 0 0 0 0 0.9
"114" "C_T" 6 4 6 6 6 4 5 6 6 9 0.9
"115" "G_A" 6 4 6 3 9 6 7 7 9 4 0.9
"116" "G_C" 0 0 0 0 0 0 0 0 0 0 0.9
"117" "G_T" 0 0 0 0 0 0 0 0 0 0 0.9
"118" "T_A" 0 0 0 0 0 0 0 0 0 0 0.9
"119" "T_C" 10 17 11 17 11 12 15 14 13 14 0.9
"120" "T_G" 0 0 1 0 1 0 0 0 0 0 0.9
