"Species" "Temperature" "Longevity" "LongevityDummy" "AC_TGSkew" "Ectothermy"
"Abbottina_rivularis" NA 365 0 0.438524590163934 1
"Abramis_brama" 7.3 1918 1 0.453798767967146 1
"Acanthurus_lineatus" 26.5 1461 1 0.492886178861789 1
"Acentrogobius_pflaumii" NA 365 0 0.365994236311239 1
"Acipenser_baerii" NA 4383 1 0.578784757981462 1
"Acipenser_fulvescens" 8 9496 1 0.563430919363123 1
"Acipenser_ruthenus" NA 2557 1 0.581874356333677 1
"Acipenser_schrenckii" NA 4018 1 0.592820512820513 1
"Acipenser_sturio" NA 4018 1 0.563206577595067 1
"Alburnus_alburnus" NA 730 0 0.364133134624938 1
"Allocyttus_niger" 11 9862 1 0.464717741935484 1
"Alopias_pelagicus" 22 3799 1 0.506681514476615 1
"Alopias_superciliosus" 22 4931 1 0.520088057237204 1
"Alosa_pseudoharengus" 20 913 0 0.400686611083865 1
"Alosa_sapidissima" NA 1625 1 0.449657869012708 1
"Amblyraja_radiata" 12 2904 1 0.429175475687104 1
"Amia_calva" NA 1461 1 0.541622760800843 1
"Anguilla_anguilla" 15 4018 1 0.556873315363882 1
"Anoplopoma_fimbria" 8.5 1863 1 0.356578335657834 1
"Arapaima_gigas" NA 2192 1 0.458937198067633 1
"Arripis_trutta" 15 1461 1 0.371868978805395 1
"Aulorhynchus_flavidus" 18 365 0 0.18572167615106 1
"Auxis_thazard" 27 913 0 0.424375917767988 1
"Beryx_splendens" 18 2155 1 0.533135509396637 1
"Branchiostegus_japonicus" 15 913 0 0.509081983308787 1
"Callorhinchus_capensis" 15 1370 1 0.137731481481481 1
"Capros_aper" NA 1461 1 0.295465869456901 1
"Caranx_ignobilis" 25 1278 1 0.461803844258255 1
"Caranx_melampygus" 25 730 0 0.473112974839665 1
"Carassius_auratus" 22.4 365 0 0.528421052631579 1
"Carassius_carassius" NA 730 0 0.538054968287526 1
"Carcharhinus_acronotus" 21.5 1096 0 0.402936378466558 1
"Carcharhinus_leucas" 23.75 7305 1 0.359340659340659 1
"Carcharhinus_longimanus" 27.25 2257 1 0.436988543371522 1
"Carcharhinus_obscurus" 18 6940 1 0.423118865866957 1
"Carcharhinus_plumbeus" 12 4566 1 0.432608695652174 1
"Carcharodon_carcharias" 18 3287 1 0.476775226908703 1
"Cephalopholis_boenak" 27 694 0 0.381671701913394 1
"Cetorhinus_maximus" 10 6574 1 0.481882098431585 1
"Chaenocephalus_aceratus" 1 3470 1 0.394673123486683 1
"Chanodichthys_mongolicus" 20 1826 1 0.555902236089444 1
"Chanos_chanos" NA 1918 1 0.5341796875 1
"Chelon_labrosus" 14 1096 0 0.4291206150889 1
"Cirrhinus_molitorella" NA 1096 0 0.672609400324149 1
"Clarias_batrachus" NA 365 0 0.62035010940919 1
"Clarias_gariepinus" 22 730 0 0.673087506879472 1
"Clupea_harengus" 9 1096 0 0.285226718673818 1
"Cololabis_saira" 15 365 0 0.349459598558929 1
"Copadichromis_quadrimaculatus" 28 1096 0 0.420192307692308 1
"Copadichromis_virginalis" 28 1096 0 0.441389290882779 1
"Coptodon_zillii" 20.5 73 0 0.467495219885277 1
"Coregonus_lavaretus" 8.5 730 0 0.381800674049109 1
"Coregonus_oxyrinchus" NA 1096 0 0.379210779595765 1
"Ctenopharyngodon_idella" NA 2118 1 0.533333333333333 1
"Culter_alburnus" NA 1461 1 0.549354005167959 1
"Cymatogaster_aggregata" NA 365 0 0.3115234375 1
"Cyprinus_carpio" 16.5 730 0 0.58067940552017 1
"Danio_rerio" 25 73 0 0.372380440623321 1
"Decapterus_macrosoma" 28.2 1096 0 0.425733207190161 1
"Dicentrarchus_labrax" 19 1096 0 0.355932203389831 1
"Dorosoma_cepedianum" NA 730 0 0.435033686236766 1
"Elopichthys_bambusa" NA 2484 1 0.371517027863777 1
"Elops_saurus" 27.2 730 0 0.534465534465534 1
"Embiotoca_jacksoni" NA 548 0 0.316836487142164 1
"Engraulis_encrasicolus" 14.15 365 0 0.228751821272462 1
"Engraulis_japonicus" 18.9 548 0 0.218900675024108 1
"Epinephelus_coioides" 23.5 986 0 0.491254372813593 1
"Esox_lucius" 9 1096 0 0.406296851574213 1
"Ethmalosa_fimbriata" 16 365 0 0.441263573543929 1
"Euthynnus_affinis" 21 1936 1 0.4296913277805 1
"Euthynnus_alletteratus" 19 730 0 0.425073457394711 1
"Gadus_chalcogrammus" 3.5 1461 1 0.258225324027916 1
"Gadus_morhua" 5.5 2276 1 0.21608040201005 1
"Galeocerdo_cuvier" 22 3287 1 0.341436464088398 1
"Gambusia_affinis" NA 1096 0 0.393225331369661 1
"Gobio_gobio" NA 913 0 0.399796541200407 1
"Gymnocephalus_cernua" 9 548 0 0.347235693501455 1
"Hemibarbus_maculatus" NA 1461 1 0.464916708732963 1
"Hemiculter_leucisculus" NA 730 0 0.476018566271274 1
"Heterotis_niloticus" 27 730 0 0.586723768736617 1
"Hexagrammos_lagocephalus" NA 1278 1 0.366968110423608 1
"Hippocampus_abdominalis" NA 365 0 0.277509393451422 1
"Hippoglossus_hippoglossus" 9 2155 1 0.354527938342967 1
"Hippoglossus_stenolepis" 3.5 4748 1 0.369942196531792 1
"Hucho_hucho" NA 1826 1 0.39990210474792 1
"Hypomesus_nipponensis" NA 548 0 0.176361098185202 1
"Ichthyomyzon_fossor" NA 2192 1 0.379073756432247 1
"Ichthyomyzon_unicuspis" NA 2192 1 0.376430205949657 1
"Istiophorus_albicans" 22.5 1278 1 0.446153846153846 1
"Isurus_oxyrinchus" 20.5 4748 1 0.446058091286307 1
"Jenkinsia_lamprotaenia" 27.2 73 0 0.327231121281464 1
"Kajikia_audax" 23 730 0 0.437349975996159 1
"Katsuwonus_pelamis" 25 1096 0 0.497779970399605 1
"Kryptolebias_marmoratus" NA 183 0 0.322826639552618 1
"Labeo_rohita" NA 1030 0 0.63743948359333 1
"Ladislavia_taczanowskii" NA 1096 0 0.365927419354839 1
"Lagocephalus_sceleratus" 25.15 1096 0 0.532853717026379 1
"Lepisosteus_oculatus" NA 1461 1 0.529350104821803 1
"Lepisosteus_osseus" NA 2192 1 0.522668056279312 1
"Lepomis_gibbosus" 25.5 730 0 0.424749163879599 1
"Leptoclinus_maculatus" NA 2374 1 0.307878202029966 1
"Leucaspius_delineatus" NA 365 0 0.368 1
"Leuciscus_waleckii" NA 1096 0 0.345924453280318 1
"Leucoraja_erinacea" 15 1552 1 0.442796610169492 1
"Limanda_aspera" 0 2557 1 0.306238185255199 1
"Lophius_litulon" NA 2118 1 0.473161033797217 1
"Lota_lota" 3.1 1826 1 0.417533432392273 1
"Lutjanus_argentimaculatus" 27 1644 1 0.531434184675835 1
"Macrhybopsis_storeriana" NA 730 0 0.442505133470226 1
"Mallotus_villosus" 4.3 730 0 0.215630885122411 1
"Megalobrama_terminalis" NA 2192 1 0.547817047817048 1
"Megalops_atlanticus" 25.75 3652 1 0.624020887728459 1
"Melanogrammus_aeglefinus" 9 1096 0 0.167420814479638 1
"Melanotaenia_splendida" NA 365 0 0.44921875 1
"Merluccius_merluccius" 14 1203 1 0.534883720930233 1
"Mesocottus_haitej" NA 1096 0 0.351506456241033 1
"Micromesistius_poutassou" 14 730 0 0.344760039177277 1
"Morone_americana" 15 730 0 0.408123791102514 1
"Mugil_cephalus" 19 1461 1 0.453117329405989 1
"Mugil_curema" 23.75 1004 0 0.424987940183309 1
"Mustelus_griseus" NA 2064 1 0.402485143165856 1
"Mustelus_manazo" 18 584 0 0.353929539295393 1
"Mylocheilus_caurinus" NA 1278 1 0.414904330312185 1
"Mylopharyngodon_piceus" NA 1096 0 0.588266107909901 1
"Myxine_glutinosa" NA 1096 0 0.300113250283126 1
"Nemipterus_japonicus" 27.6 365 0 0.371 1
"Neosalanx_taihuensis" NA 365 0 0.416549789621318 1
"Niwaella_delicata" NA 913 0 0.394845360824742 1
"Notemigonus_crysoleucas" NA 730 0 0.390379746835443 1
"Nothobranchius_furzeri" NA 18 0 0.293084522502744 1
"Notothenia_coriiceps" -0.95 2557 1 0.336877718704688 1
"Okamejei_kenojei" NA 1096 0 0.557275541795666 1
"Oncorhynchus_gorbuscha" NA 730 0 0.364891518737673 1
"Oncorhynchus_kisutch" 13 1096 0 0.383473527956457 1
"Oncorhynchus_nerka" NA 730 0 0.346718903036239 1
"Ophiodon_elongatus" 7.7 1096 0 0.440532825880114 1
"Oreochromis_aureus" 23 730 0 0.50897622513343 1
"Oreochromis_mossambicus" 27.6 548 0 0.44841075794621 1
"Oreochromis_niloticus" 27.6 365 0 0.484246243334949 1
"Osmerus_mordax" 1 730 0 0.271535580524345 1
"Pagellus_bogaraveo" 14 2192 1 0.390602752728999 1
"Parabramis_pekinensis" NA 2192 1 0.546209761163032 1
"Paracanthobrama_guichenoti" 15 913 0 0.417021276595745 1
"Parapristipoma_trilineatum" 18 730 0 0.390754257907543 1
"Pelecus_cultratus" NA 1278 1 0.433884297520661 1
"Pennahia_argentata" 22 365 0 0.459903381642512 1
"Peprilus_triacanthus" 15 329 0 0.315244203256043 1
"Perca_flavescens" NA 1096 0 0.301449275362319 1
"Perca_fluviatilis" 9 730 0 0.298688683827101 1
"Petromyzon_marinus" NA 2557 1 0.310499719258843 1
"Phoxinus_phoxinus" 9 365 0 0.321 1
"Pimephales_promelas" NA 730 0 0.372116349047141 1
"Plecoglossus_altivelis" NA 365 0 0.247816091954023 1
"Plectropomus_areolatus" NA 895 0 0.325432098765432 1
"Pollachius_pollachius" 13 1096 0 0.262425447316103 1
"Pollachius_virens" 6.5 1735 1 0.256944444444444 1
"Polyodon_spathula" 20 2739 1 0.614432989690722 1
"Pomatomus_saltatrix" 24 785 0 0.371124031007752 1
"Prionace_glauca" 12 2192 1 0.376035339591386 1
"Procypris_rabaudi" NA 1461 1 0.582089552238806 1
"Promethichthys_prometheus" 18 1461 1 0.386352479135984 1
"Prosopium_cylindraceum" NA 1461 1 0.356411506582155 1
"Pseudaspius_leptocephalus" NA 1826 1 0.412 1
"Pseudocarcharias_kamoharai" NA 1498 1 0.433538979248458 1
"Pseudorasbora_parva" NA 365 0 0.377049180327869 1
"Pterapogon_kauderni" 28 334 0 0.430097087378641 1
"Rastrelliger_kanagurta" 28 205 0 0.424824355971897 1
"Reinhardtius_hippoglossoides" 2 3397 1 0.350287907869482 1
"Rhabdosargus_sarba" NA 749 0 0.327699530516432 1
"Rhinogobius_cliffordpopei" 18.7 121 0 0.455560725919032 1
"Rhinogobius_giurinus" NA 142 0 0.429397590361446 1
"Rhodeus_sericeus" NA 730 0 0.441250630358043 1
"Rhynchocypris_percnurus" NA 730 0 0.400205761316872 1
"Romanogobio_tenuicorpus" NA 1096 0 0.423155737704918 1
"Rudarius_ercodes" 19.7 365 0 0.244817374136229 1
"Salmo_salar" 10.5 1753 1 0.43620178041543 1
"Salmo_trutta" 9.15 730 0 0.466209598432909 1
"Salvelinus_alpinus" NA 3086 1 0.365422396856582 1
"Sander_lucioperca" 14 1461 1 0.342857142857143 1
"Sander_vitreus" NA 1826 1 0.305232558139535 1
"Sarcocheilichthys_sinensis" NA 1096 0 0.467692307692308 1
"Sardina_pilchardus" 19 730 0 0.190654205607477 1
"Sardinella_maderensis" 26.6 1096 0 0.363984674329502 1
"Saurida_undosquamis" 27 530 0 0.447355883754169 1
"Saurogobio_dabryi" NA 1096 0 0.388295165394402 1
"Scarus_ghobban" 27 730 0 0.439770554493308 1
"Scarus_rubroviolaceus" 27 1461 1 0.403559403559404 1
"Scomber_colias" NA 384 0 0.434740882917466 1
"Scomber_japonicus" 14 730 0 0.438579654510557 1
"Scomber_scombrus" 10.95 657 0 0.432134292565947 1
"Scophthalmus_maximus" 12.5 1461 1 0.296511627906977 1
"Scyliorhinus_canicula" 11.5 1826 1 0.38436303991252 1
"Sebastes_minor" NA 1461 1 0.378365149290259 1
"Seriola_dumerili" 26 1461 1 0.401054144705319 1
"Siganus_canaliculatus" 28.25 548 0 0.473940574768631 1
"Sphyrna_lewini" 22 3251 1 0.459105779716467 1
"Sphyrna_tiburo" 26 840 0 0.423618634886241 1
"Spicara_maena" 19 730 0 0.344529750479846 1
"Spinachia_spinachia" 8.2 365 0 0.141242937853107 1
"Sprattus_sprattus" 9 730 0 0.274302213666987 1
"Squaliobarbus_curriculus" 22.4 730 0 0.543094496365524 1
"Squalus_acanthias" 9 3652 1 0.404117009750812 1
"Thunnus_alalunga" 14 1918 1 0.426470588235294 1
"Thunnus_atlanticus" 25.5 1096 0 0.42815105443845 1
"Thunnus_orientalis" NA 1461 1 0.422418012726383 1
"Thunnus_thynnus" 15.5 1096 0 0.43740795287187 1
"Tinca_tinca" NA 730 0 0.49468085106383 1
"Trachidermus_fasciatus" NA 365 0 0.362523540489642 1
"Trachurus_japonicus" 18 1096 0 0.457790641582248 1
"Trachurus_trachurus" 14.4 913 0 0.442307692307692 1
"Triaenodon_obesus" NA 2922 1 0.44100054377379 1
"Tribolodon_brandtii" NA 1096 0 0.408842523596622 1
"Tribolodon_sachalinensis" NA 913 0 0.415752741774676 1
"Trinectes_maculatus" 23 730 0 0.494106090373281 1
"Umbra_pygmaea" NA 730 0 0.388832487309645 1
"Zearaja_chilensis" 9.45 4299 1 0.467430953621678 1
"Zeus_faber" 11 1461 1 0.45361875637105 1
"Acinonyx_jubatus" 39 2190 0 0.507146941109205 0
"Acomys_cahirinus" 37.5 650.0125 0 0.621621621621622 0
"Addax_nasomaculatus" NA 2555 1 0.585100286532951 0
"Aepyceros_melampus" NA 2674.111667 1 0.596736596736597 0
"Ailuropoda_melanoleuca" NA 5246.699417 1 0.369491525423729 0
"Ailurus_fulgens" 37.6 3650 1 0.398126463700234 0
"Akodon_montensis" 37.7 589.3882991 0 0.508015478164732 0
"Alcelaphus_buselaphus" NA 2863.875333 1 0.601571268237935 0
"Alces_alces" 38.6 3721.7786 1 0.509632224168126 0
"Allenopithecus_nigroviridis" NA 4024.409658 1 0.494915254237288 0
"Alouatta_caraya" NA 3750.594 1 0.562822719449225 0
"Alouatta_seniculus" NA 3833.157 1 0.55045871559633 0
"Ammotragus_lervia" NA 1825 0 0.643101482326112 0
"Anoura_caudifer" 36.5 2064.27635 0 0.477426636568849 0
"Anourosorex_squamipes" NA 379.2929563 0 0.457922228670923 0
"Antidorcas_marsupialis" NA 2563.152683 1 0.494492753623188 0
"Antilocapra_americana" 38 1652.841667 0 0.655172413793103 0
"Antilope_cervicapra" NA 2747.350267 1 0.598860398860399 0
"Aotus_lemurinus" 38 2920 1 0.464530892448513 0
"Apodemus_agrarius" NA 504.40745 0 0.460739030023095 0
"Apodemus_chevrieri" NA 554.1929125 0 0.473074696004632 0
"Apodemus_draco" NA 554.1929125 0 0.555295494441194 0
"Apodemus_latronum" NA 554.1929125 0 0.542352941176471 0
"Apodemus_peninsulae" NA 554.1929125 0 0.464098073555166 0
"Arctocephalus_forsteri" NA 3285 1 0.534883720930233 0
"Arctocephalus_pusillus" NA 3587.7675 1 0.531285551763367 0
"Arctocephalus_townsendi" NA 3650 1 0.52058657642414 0
"Arctonyx_collaris" NA 1798.679445 0 0.536940081442699 0
"Artibeus_jamaicensis" 36.4 1920.4777 0 0.429533969679955 0
"Artibeus_lituratus" 37.3 1920.4777 0 0.397536394176932 0
"Ateles_belzebuth" NA 5475 1 0.552708211997671 0
"Avahi_laniger" NA 3649.771875 1 0.460021905805038 0
"Axis_axis" 39.2 3650 1 0.52168815943728 0
"Axis_porcinus" NA 2555 1 0.522041763341067 0
"Balaena_mysticetus" NA 18980 1 0.632975719932242 0
"Balaenoptera_acutorostrata" NA 8030 1 0.609783845278726 0
"Balaenoptera_bonaerensis" NA 8030 1 0.646127755794234 0
"Balaenoptera_borealis" NA 8504.5 1 0.618510158013544 0
"Balaenoptera_edeni" NA 10042.4483 1 0.626546681664792 0
"Balaenoptera_musculus" NA 11315 1 0.614173228346457 0
"Balaenoptera_omurai" NA 9016.737075 1 0.580246913580247 0
"Balaenoptera_physalus" NA 9490 1 0.601804850535815 0
"Bandicota_indica" NA 639.6318318 0 0.518753606462781 0
"Beatragus_hunteri" NA 2253.9745 1 0.5954802259887 0
"Berardius_bairdii" NA 9855 1 0.548821548821549 0
"Bison_bison" 38.7 4288.141667 1 0.587521663778163 0
"Bison_bonasus" 38.35 3595.3298 1 0.576923076923077 0
"Blarinella_quadraticauda" NA 379.2929563 0 0.406032482598608 0
"Blastocerus_dichotomus" NA 1825 0 0.423668639053254 0
"Bos_gaurus" NA 3285 1 0.592422502870264 0
"Bos_javanicus" 38.8 3285 1 0.571593533487298 0
"Bos_mutus" NA 3650 1 0.570276497695853 0
"Boselaphus_tragocamelus" NA 2944.82 1 0.596501457725948 0
"Brachyphylla_cavernarum" NA 2064.27635 0 0.529871580122836 0
"Bradypus_pygmaeus" 33 3873.20485 1 0.634420096205238 0
"Bubalus_depressicornis" 38.1 2920 1 0.545093590470788 0
"Budorcas_taxicolor" NA 2920 1 0.61800346220427 0
"Cabassous_centralis" 33.6 1859.11975 0 0.618141097424412 0
"Cabassous_chacoensis" NA 1859.11975 0 0.638297872340426 0
"Cabassous_tatouay" NA 1859.11975 0 0.591836734693878 0
"Cabassous_unicinctus" NA 1859.11975 0 0.617977528089888 0
"Cacajao_calvus" NA 3650 1 0.493150684931507 0
"Caenolestes_fuliginosus" NA 998.6765636 0 0.504161712247325 0
"Callimico_goeldii" 36 2190 0 0.436960276338515 0
"Callithrix_geoffroyi" NA 2110.588375 0 0.539691604797259 0
"Callithrix_jacchus" 36 2156.5235 0 0.542431192660551 0
"Callithrix_kuhlii" NA 2190 0 0.536082474226804 0
"Callithrix_penicillata" NA 2110.588375 0 0.544100801832761 0
"Callorhinus_ursinus" NA 4745 1 0.543839541547278 0
"Callosciurus_erythraeus" NA 1585.1964 0 0.41993281075028 0
"Camelus_ferus" 37.5 5840 1 0.43109151047409 0
"Canis_latrans" 37 2569.032222 1 0.414414414414415 0
"Canis_lupus" 38.3 2883.256667 1 0.403409090909091 0
"Caperea_marginata" NA 10278.51578 1 0.534804753820034 0
"Capra_aegagrus" 39.3 2097.005 0 0.586483390607102 0
"Capra_caucasica" 39.3 2555 1 0.587899543378996 0
"Capra_ibex" 39.3 2958.933333 1 0.607731665719159 0
"Capra_pyrenaica" 39.3 2471.76 1 0.604107244723331 0
"Capreolus_pygargus" 38 3063.8029 1 0.443793911007026 0
"Capricornis_crispus" NA 3135.631967 1 0.618668184405236 0
"Capricornis_milneedwardsii" NA 2555 1 0.594548551959114 0
"Capricornis_sumatraensis" NA 2555 1 0.595902105862265 0
"Capricornis_swinhoei" NA 2421.9825 1 0.594822734946539 0
"Caracal_caracal" NA 2239.8225 1 0.498858447488584 0
"Carollia_perspicillata" 36.4 1847.5352 0 0.49671772428884 0
"Cebus_albifrons" NA 5508.653 1 0.506031016657094 0
"Cephalophus_adersi" NA 703.088 0 0.604597701149425 0
"Cephalophus_callipygus" NA 1936.42625 0 0.581368602645199 0
"Cephalophus_leucogaster" NA 836.8205 0 0.573883161512027 0
"Cephalophus_natalensis" NA 1890.876667 0 0.570285714285714 0
"Cephalophus_spadix" NA 962.787 0 0.574052812858783 0
"Cephalorhynchus_heavisidii" NA 4469.46 1 0.530155083285468 0
"Ceratotherium_simum" NA 6865.345833 1 0.585462805224304 0
"Cercocebus_atys" NA 3285 1 0.56991643454039 0
"Cercocebus_chrysogaster" NA 3492.441667 1 0.594413407821229 0
"Cercocebus_torquatus" NA 3285 1 0.552439708356702 0
"Cercopithecus_diana" NA 3285 1 0.581649371927908 0
"Cercopithecus_lhoesti" NA 3650 1 0.528953229398664 0
"Cercopithecus_mitis" 37.5 4917.1705 1 0.529411764705882 0
"Cervus_elaphus" 35.2 5209.4516 1 0.51764025448236 0
"Chaetophractus_vellerosus" 34.4 1460 0 0.60806916426513 0
"Chaetophractus_villosus" 35.1 1460 0 0.603926096997691 0
"Chalinolobus_tuberculatus" 31.1 2051.666208 0 0.429906542056075 0
"Cheirogaleus_medius" 38 2584.9082 1 0.469178082191781 0
"Chinchilla_lanigera" 35.7 1825 0 0.553142857142857 0
"Chiropotes_albinasus" NA 3650 1 0.428895184135977 0
"Chlamyphorus_truncatus" NA 1831.21217 0 0.526372443487621 0
"Chlorocebus_cynosuros" 36.8 4533.4825 1 0.575055187637969 0
"Chlorocebus_pygerythrus" 36.8 4533.4825 1 0.571428571428572 0
"Chlorocebus_tantalus" 36.8 4533.4825 1 0.564116675839295 0
"Choloepus_didactylus" NA 4669.36675 1 0.679691799669785 0
"Choloepus_hoffmanni" 34.4 5095.5978 1 0.65410199556541 0
"Chrysochloris_asiatica" 34 1036.557583 0 0.45346062052506 0
"Chrysocyon_brachyurus" NA 2032.3307 0 0.374288964732651 0
"Colobus_guereza" 37 4509.575 1 0.520856820744081 0
"Condylura_cristata" 37.7 558.6411 0 0.606734816596512 0
"Connochaetes_gnou" NA 2860.14 1 0.599320882852292 0
"Connochaetes_taurinus" 38 2942.265 1 0.605411499436302 0
"Cricetulus_kamensis" NA 589.3882991 0 0.563758389261745 0
"Cricetulus_longicaudatus" NA 589.3882991 0 0.325301204819277 0
"Crocidura_attenuata" 35 427.67965 0 0.362335432169433 0
"Crocidura_beatus" 35 427.67965 0 0.346064814814815 0
"Crocidura_grayi" 35 427.67965 0 0.359537572254335 0
"Crocidura_lasiura" 35 427.67965 0 0.356125356125356 0
"Crocidura_mindorus" 35 427.67965 0 0.385241138872748 0
"Crocidura_negrina" 35 427.67965 0 0.3329473074696 0
"Crocidura_orientalis" 35 427.67965 0 0.381395348837209 0
"Crocidura_palawanensis" NA 409.171225 0 0.37122969837587 0
"Crocidura_shantungensis" NA 409.171225 0 0.3279258400927 0
"Crocuta_crocuta" NA 5054.41125 1 0.561111111111111 0
"Ctenomys_leucodon" 36.1 600.93415 0 0.449451887941535 0
"Cuon_alpinus" NA 2041.808633 0 0.347972972972973 0
"Cynomys_leucurus" 36.7 1567.7682 0 0.349303621169916 0
"Cynomys_ludovicianus" NA 1567.7682 0 0.334804191947049 0
"Cynopterus_brachyotis" 36.5 1287.664 0 0.585406301824212 0
"Cystophora_cristata" NA 3650 1 0.582055650198751 0
"Dactylomys_dactylinus" NA 739.0095889 0 0.427725118483412 0
"Dactylopsila_trivirgata" NA 1905.2339 0 0.558411214953271 0
"Dama_dama" NA 3286.095 1 0.488129704690214 0
"Dama_mesopotamica" NA 2605.92075 1 0.483159117305459 0
"Damaliscus_lunatus" NA 2190 0 0.608988764044944 0
"Damaliscus_pygargus" NA 3053.358833 1 0.57190635451505 0
"Dasypus_hybridus" NA 1460 0 0.6487747957993 0
"Dasypus_kappleri" NA 1642.5 0 0.691588785046729 0
"Dasypus_novemcinctus" 34.5 1825 0 0.645067133683596 0
"Dasypus_pilosus" NA 1642.5 0 0.649677797305214 0
"Dasypus_sabanicola" NA 1642.5 0 0.644157369348209 0
"Dasypus_septemcinctus" NA 1642.5 0 0.6487747957993 0
"Dasypus_yepesi" NA 1642.5 0 0.640304628002343 0
"Daubentonia_madagascariensis" NA 2920 1 0.591184573002755 0
"Delphinus_capensis" NA 3545.59095 1 0.487327188940092 0
"Dendrohyrax_dorsalis" NA 1675.3724 0 0.614763552479815 0
"Desmodus_rotundus" 35 2779.7975 1 0.610456176319836 0
"Dicerorhinus_sumatrensis" NA 7300 1 0.632882882882883 0
"Diceros_bicornis" 39 6205 1 0.603665521191294 0
"Didelphis_virginiana" 35 745.99 0 0.410564225690276 0
"Dipus_sagitta" 36.8 726.1971375 0 0.471264367816092 0
"Distoechurus_pennatus" NA 997.9661 0 0.515563101301641 0
"Dorcatragus_megalotis" NA 1825 0 0.49825378346915 0
"Dremomys_rufigenis" NA 1384.121263 0 0.519818799546999 0
"Dromiciops_gliroides" 35.15 998.6765636 0 0.430365296803653 0
"Dugong_dugon" 33 10246.2396 1 0.445111960677226 0
"Echinops_telfairi" 34.7 1967.0915 0 0.262736119061248 0
"Echinosorex_gymnura" 36.3 1202.925238 0 0.380454824830977 0
"Elaphodus_cephalophus" NA 2555 1 0.508120649651972 0
"Elaphurus_davidianus" NA 3530.65 1 0.509543088490457 0
"Elephas_maximus" 35.8 8030 1 0.419838523644752 0
"Enhydra_lutris" 37.5 5475 1 0.534246575342466 0
"Eospalax_rothschildi" NA 1032.923574 0 0.393974507531866 0
"Eothenomys_chinensis" NA 589.3882991 0 0.592656339644291 0
"Eothenomys_melanogaster" NA 589.3882991 0 0.579954954954955 0
"Eothenomys_miletus" NA 589.3882991 0 0.592 0
"Eozapus_setchuanus" NA 726.1971375 0 0.414333706606943 0
"Episoriculus_caudatus" NA 426.9101194 0 0.479343520090549 0
"Episoriculus_fumidus" NA 426.9101194 0 0.473684210526316 0
"Episoriculus_macrurus" NA 426.9101194 0 0.461404526987812 0
"Epomophorus_gambianus" NA 2349.856741 1 0.565752658086178 0
"Eptesicus_serotinus" 36 2400.9362 1 0.41852286049238 0
"Equus_grevyi" 38.3 2190 0 0.573660714285714 0
"Equus_hemionus" 38.3 1825 0 0.604296212549463 0
"Equus_kiang" 38.3 3704.385 1 0.607687959299039 0
"Equus_zebra" 38.3 4024.699367 1 0.559151785714286 0
"Eremitalpa_granti" 33.6 1036.557583 0 0.436720142602496 0
"Erignathus_barbatus" NA 6935 1 0.568876080691643 0
"Erinaceus_europaeus" 34 1608.5234 0 0.261770244821092 0
"Erythrocebus_patas" 39.3 3529.3359 1 0.458705357142857 0
"Eschrichtius_robustus" NA 10444.3345 1 0.627749576988156 0
"Eubalaena_australis" NA 9855 1 0.611518915866742 0
"Eubalaena_japonica" NA 9704.4375 1 0.602040816326531 0
"Euchoreutes_naso" NA 726.1971375 0 0.394780677401444 0
"Eudorcas_rufifrons" NA 1825 0 0.57454128440367 0
"Eulemur_mongoz" 36.5 4154.1015 1 0.481481481481481 0
"Eulemur_rufus" 36.5 3206.295944 1 0.473087818696884 0
"Eumetopias_jubatus" NA 3650 1 0.583762149799886 0
"Felis_chaus" NA 1903.782067 0 0.491681009753299 0
"Felis_margarita" NA 1730.465 0 0.511694238448374 0
"Felis_nigripes" NA 1685.3793 0 0.513112884834664 0
"Felis_silvestris" NA 2905.4 1 0.540308747855918 0
"Feresa_attenuata" NA 7142.099015 1 0.519818799546999 0
"Galago_moholi" NA 1930.5215 0 0.548672566371681 0
"Galago_senegalensis" 37.9 2167.5525 0 0.534216335540839 0
"Galemys_pyrenaicus" NA 730 0 0.495066744051074 0
"Galeopterus_variegatus" NA 2840.441639 1 0.589881593110872 0
"Gazella_cuvieri" NA 2022.515 0 0.549199084668192 0
"Gazella_gazella" 39.5 2190 0 0.540401146131805 0
"Gazella_leptoceros" NA 1729.8227 0 0.559885386819484 0
"Gazella_spekei" NA 2190 0 0.547428571428571 0
"Gazella_subgutturosa" 39.5 2496.146667 1 0.572002294893861 0
"Genetta_servalina" NA 2211.9 1 0.460571428571429 0
"Giraffa_camelopardalis" 37.1 5251.011667 1 0.556189389617798 0
"Glis_glis" 37.7 1152.9402 0 0.387802071346375 0
"Globicephala_macrorhynchus" NA 8650.5 1 0.50967007963595 0
"Globicephala_melas" NA 8760 1 0.513667425968109 0
"Gorilla_gorilla" 35.5 8030 1 0.576713819368879 0
"Grampus_griseus" NA 7300 1 0.513112884834664 0
"Gulo_gulo" 37 2622.30185 1 0.501416430594901 0
"Halichoerus_grypus" NA 5110 1 0.578947368421053 0
"Hapalemur_griseus" NA 3285 1 0.405963302752294 0
"Helarctos_malayanus" 38.1 3650 1 0.426991150442478 0
"Hemiechinus_auritus" 33.8 940.3939 0 0.34353091140854 0
"Hemitragus_jemlahicus" NA 2555 1 0.637400228050171 0
"Heterocephalus_glaber" 32.1 2023.309775 0 0.651612903225806 0
"Hippocamelus_antisensis" NA 1459.26 0 0.444639718804921 0
"Hippopotamus_amphibius" 35.4 3650 1 0.624371157070989 0
"Hipposideros_armiger" NA 1834.2256 0 0.548527808069793 0
"Hippotragus_equinus" NA 3070.224367 1 0.600229753015508 0
"Hyaena_hyaena" 37 3351.042633 1 0.558643690939411 0
"Hydropotes_inermis" 38.3 2190 0 0.451048951048951 0
"Hydrurga_leptonyx" NA 5110 1 0.643356643356643 0
"Hyemoschus_aquaticus" NA 1930.0898 0 0.498342541436464 0
"Hylobates_agilis" NA 5475 1 0.613107822410148 0
"Hylobates_lar" NA 5475 1 0.612179487179487 0
"Hylobates_pileatus" NA 5475 1 0.628755364806867 0
"Hylomys_suillus" 37.3 1202.925238 0 0.318103940605368 0
"Hylopetes_phayrei" NA 1384.121263 0 0.378055713473565 0
"Hyperoodon_ampullatus" NA 6460.5 1 0.549631310266591 0
"Indri_indri" NA 4015 1 0.428251121076233 0
"Inia_geoffrensis" NA 4840.09 1 0.531868131868132 0
"Isoodon_macrourus" 35.9 623.745 0 0.440758293838863 0
"Jaculus_jaculus" 37.5 919.8561 0 0.404301075268817 0
"Kobus_leche" 38.7 2660.837833 1 0.549653579676674 0
"Kogia_breviceps" NA 4380 1 0.592452830188679 0
"Lagenorhynchus_albirostris" NA 5667.52995 1 0.506003430531732 0
"Lagorchestes_hirsutus" 36 1100.21785 0 0.525773195876289 0
"Lagostrophus_fasciatus" 36 2311.607416 1 0.545045045045045 0
"Lagothrix_lagotricha" NA 5475 1 0.529069767441861 0
"Lama_guanicoe" 38 4064.145 1 0.472081218274112 0
"Laonastes_aenigmamus" NA 1032.923574 0 0.574043261231281 0
"Lariscus_insignis" NA 1384.121263 0 0.393736017897092 0
"Lasiopodomys_mandarinus" NA 589.3882991 0 0.514508928571429 0
"Lasiurus_borealis" 34.8 2051.666208 0 0.294736842105263 0
"Leggadina_lakedownensis" NA 624.3996409 0 0.55061439438268 0
"Lemur_catta" NA 2920 1 0.435689455388181 0
"Leontopithecus_rosalia" NA 3601.747 1 0.449122807017544 0
"Leopardus_colocolo" NA 2592.96 1 0.553021664766248 0
"Leopardus_geoffroyi" NA 2827.89 1 0.527003979533826 0
"Leopardus_guigna" NA 2190 0 0.540571428571428 0
"Leopardus_jacobita" NA 1392.97 0 0.556189389617798 0
"Leopardus_pardalis" 38 3011.876283 1 0.531018782014798 0
"Leopardus_tigrinus" NA 2190 0 0.562642369020501 0
"Leopardus_wiedii" 38 2190 0 0.543019943019943 0
"Leopoldamys_edwardsi" NA 639.6318318 0 0.526493799323563 0
"Lepilemur_hubbardorum" NA 1637.770967 0 0.490481522956327 0
"Lepilemur_ruficaudatus" NA 1637.770967 0 0.479236812570146 0
"Leptailurus_serval" 36.5 3018.0586 1 0.51441753171857 0
"Leptonychotes_weddellii" NA 4015 1 0.622312608948286 0
"Lepus_americanus" 39.8 1105.95 0 0.354945054945055 0
"Lepus_capensis" NA 1047.27668 0 0.386237513873474 0
"Lepus_coreanus" NA 1047.27668 0 0.399778516057586 0
"Lepus_europaeus" 38.3 730 0 0.369589345172031 0
"Lepus_hainanus" NA 1047.27668 0 0.416712783619258 0
"Lepus_sinensis" NA 1047.27668 0 0.403199117484832 0
"Lepus_timidus" 39.7 1047.27668 0 0.398671096345515 0
"Lepus_tolai" NA 1047.27668 0 0.384615384615385 0
"Lepus_townsendii" 38.2 1097.83525 0 0.389660922734853 0
"Lipotes_vexillifer" NA 4840.09 1 0.60927536231884 0
"Litocranius_walleri" NA 2555 1 0.563298490127758 0
"Lobodon_carcinophaga" NA 5475 1 0.599299065420561 0
"Lophocebus_aterrimus" NA 3285 1 0.570175438596491 0
"Lophostoma_silvicolum" NA 2064.27635 0 0.611907386990077 0
"Loris_lydekkerianus" NA 2278.1475 1 0.514072372199885 0
"Loris_tardigradus" 35.5 2278.1475 1 0.526558891454965 0
"Loxodonta_africana" 36.2 9125 1 0.419760137064535 0
"Lutra_lutra" 38.1 2772.962083 1 0.526050420168067 0
"Lycaon_pictus" NA 2034.717 0 0.433106575963719 0
"Lynx_canadensis" NA 3391.958167 1 0.544532130777903 0
"Lynx_lynx" NA 3338.239417 1 0.557054525014053 0
"Lynx_pardinus" NA 1578.34 0 0.537422622397299 0
"Lynx_rufus" NA 3810.032222 1 0.550282485875706 0
"Macaca_arctoides" NA 3650 1 0.574725274725275 0
"Macaca_assamensis" NA 4572.989586 1 0.514953779227841 0
"Macaca_cyclopis" NA 4572.989586 1 0.579295154185022 0
"Macaca_fascicularis" 37.6 5076.8362 1 0.560197910940077 0
"Macaca_fuscata" NA 5118.76 1 0.567894447498626 0
"Macaca_leonina" NA 4015 1 0.56945213060321 0
"Macaca_mulatta" 37.3 5058.9 1 0.563835616438356 0
"Macaca_nemestrina" NA 4015 1 0.60797342192691 0
"Macaca_nigra" NA 4745 1 0.579356270810211 0
"Macaca_silenus" NA 5509.018 1 0.572375690607735 0
"Macaca_sylvanus" NA 2920 1 0.554083885209713 0
"Macaca_thibetana" NA 3285 1 0.533223503569467 0
"Macaca_tonkeana" NA 4745 1 0.580805295091009 0
"Macropus_robustus" 36.1 2984.65355 1 0.524244152880776 0
"Macroscelides_proboscideus" 36.2 995.97395 0 0.522558537978298 0
"Macrotis_lagotis" 35 1183.8648 0 0.486714975845411 0
"Madoqua_kirkii" 39 2131.079367 0 0.558352402745995 0
"Madoqua_saltiana" NA 2031.281017 0 0.54337899543379 0
"Mandrillus_leucophaeus" NA 3650 1 0.598438371444507 0
"Mandrillus_sphinx" NA 3650 1 0.595518207282913 0
"Manis_pentadactyla" 33.4 1825 0 0.628112894299945 0
"Marmota_himalayana" NA 1976.82975 0 0.358554488989272 0
"Martes_americana" 38 2227.96 1 0.484340044742729 0
"Martes_flavigula" NA 2642.060567 1 0.527887323943662 0
"Martes_foina" NA 2178.563333 0 0.515563101301641 0
"Martes_martes" NA 2100.94 0 0.497470489038786 0
"Martes_melampus" NA 1772.805 0 0.499157776530039 0
"Martes_pennanti" 38.5 1738.868111 0 0.502805836139169 0
"Martes_zibellina" NA 2087.381433 0 0.475815523059617 0
"Mazama_americana" NA 2017.365 0 0.464805119255381 0
"Mazama_nemorivaga" NA 2181.36375 0 0.433607520564042 0
"Megaptera_novaeangliae" NA 8030 1 0.614647887323944 0
"Meles_anakuma" NA 3136.8 1 0.52954808806489 0
"Meles_meles" 37 2161.2481 0 0.524868344060854 0
"Melogale_moschata" NA 1627.173333 0 0.483258928571429 0
"Melursus_ursinus" NA 3650 1 0.43013698630137 0
"Mephitis_mephitis" 36.45 1735.559295 0 0.477085781433607 0
"Meriones_libycus" NA 649.48035 0 0.477363896848138 0
"Meriones_meridianus" NA 608.1480167 0 0.429065743944637 0
"Meriones_unguiculatus" 38.2 503.8875 0 0.380265435660704 0
"Mesocricetus_auratus" 38.1 787.9135 0 0.337182448036951 0
"Mesoplodon_europaeus" NA 6460.5 1 0.46719908727895 0
"Mesoplodon_ginkgodens" NA 6460.5 1 0.481609195402299 0
"Mesoplodon_grayi" NA 6460.5 1 0.435280641466208 0
"Metachirus_nudicaudatus" 35 843.3734222 0 0.402257872846108 0
"Microcebus_murinus" NA 2053.5145 0 0.419392523364486 0
"Micromys_minutus" 38 502.66 0 0.482718894009217 0
"Micronycteris_megalotis" NA 2064.27635 0 0.657526580861779 0
"Microtus_kikuchii" NA 373.6238021 0 0.584269662921348 0
"Microtus_levis" NA 373.6238021 0 0.516508114157806 0
"Microtus_ochrogaster" 37.9 615.4024 0 0.568385650224215 0
"Mirounga_leonina" NA 3467.5 1 0.585564610011641 0
"Mogera_robusta" NA 759.1857214 0 0.545997610513739 0
"Mogera_wogura" NA 759.1857214 0 0.579693034238489 0
"Monachus_schauinslandi" NA 5475 1 0.564809384164223 0
"Monodelphis_domestica" 32.6 717.0425 0 0.426190476190476 0
"Monodon_monoceros" NA 8760 1 0.554798409994322 0
"Moschus_berezovskii" NA 2555 1 0.552678045909359 0
"Moschus_chrysogaster" NA 2555 1 0.550205519671169 0
"Moschus_moschiferus" NA 2190 0 0.539812646370023 0
"Mungotictis_decemlineata" NA 2146.94685 0 0.53470294280955 0
"Muntiacus_crinifrons" NA 2190 0 0.518710420264825 0
"Muntiacus_muntjak" NA 2416.4143 1 0.514908256880734 0
"Muntiacus_reevesi" NA 2931.795 1 0.498559077809798 0
"Muntiacus_vuquangensis" NA 2555 1 0.510650546919977 0
"Murina_leucogaster" NA 1825 0 0.444888635065677 0
"Murina_ussuriensis" NA 1825 0 0.43739079790332 0
"Mus_caroli" NA 628.295 0 0.430588235294118 0
"Mus_cervicolor" NA 628.295 0 0.513641755634638 0
"Mus_cookii" NA 628.295 0 0.532467532467533 0
"Mus_famulus" NA 628.295 0 0.532314923619271 0
"Mus_fragilicauda" NA 628.295 0 0.541984732824427 0
"Mus_musculus" 36.9 628.295 0 0.541617819460727 0
"Mus_spretus" NA 628.295 0 0.556333917104495 0
"Mus_terricolor" NA 435.665 0 0.554899645808737 0
"Mustela_altaica" NA 1846.9 0 0.465448315248429 0
"Mustela_erminea" 39.6 1078.777858 0 0.571346042749856 0
"Mustela_frenata" 39 986.1104833 0 0.519675925925926 0
"Mustela_kathiah" NA 1253.04 0 0.504383401519579 0
"Mustela_nigripes" NA 1497.506633 0 0.502876869965478 0
"Mustela_nivalis" NA 1194.19395 0 0.480251860331998 0
"Mustela_putorius" NA 1652.464383 0 0.497695852534562 0
"Mustela_sibirica" NA 1484.792222 0 0.476603119584055 0
"Myodes_glareolus" NA 577.7512 0 0.587229190421893 0
"Myodes_regulus" NA 433.3599222 0 0.58813462635482 0
"Myodes_rufocanus" NA 433.3599222 0 0.574857142857143 0
"Myospalax_aspalax" NA 1032.923574 0 0.488773747841105 0
"Myospalax_psilurus" NA 1032.923574 0 0.54392088423502 0
"Myotis_bombinus" NA 2106.628504 0 0.391771019677996 0
"Myotis_brandtii" NA 2106.628504 0 0.444380403458213 0
"Myotis_davidii" NA 2106.628504 0 0.361578641903656 0
"Myotis_formosus" NA 2106.628504 0 0.454328358208955 0
"Myotis_ikonnikovi" NA 2106.628504 0 0.39917695473251 0
"Myotis_lucifugus" 37 4117.2 1 0.391812865497076 0
"Myotis_macrodactylus" NA 2106.628504 0 0.373892498523331 0
"Myotis_muricola" NA 2106.628504 0 0.381261048909841 0
"Myotis_myotis" 35 2847 1 0.334511189634865 0
"Myrmecobius_fasciatus" 32.5 886.2761 0 0.441700172314762 0
"Myrmecophaga_tridactyla" 32.5 4124.5275 1 0.610823258491652 0
"Mystacina_tuberculata" NA 1888.065371 0 0.410958904109589 0
"Naemorhedus_goral" NA 2555 1 0.606818181818182 0
"Naemorhedus_griseus" NA 2555 1 0.595008508224617 0
"Nandinia_binotata" 37.4 2850.514083 1 0.646506165590135 0
"Nanger_dama" 39.2 2171.91595 0 0.577929465301479 0
"Nanger_soemmerringii" NA 2555 1 0.5625 0
"Nasalis_larvatus" NA 4015 1 0.488027366020525 0
"Nasua_nasua" 36.4 2778.4359 1 0.478460654796094 0
"Nectogale_elegans" NA 379.2929563 0 0.371461582900058 0
"Neodon_irene" NA 589.3882991 0 0.564534231200898 0
"Neofelis_nebulosa" NA 2550.887933 1 0.443767313019391 0
"Neomys_fodiens" 37.3 576.8888 0 0.387521465369204 0
"Neophoca_cinerea" NA 4599 1 0.525539160045403 0
"Neophocaena_asiaeorientalis" NA 6095.5 1 0.479283314669653 0
"Neophocaena_phocaenoides" NA 5840 1 0.460724233983287 0
"Neotetracus_sinensis" NA 1202.925238 0 0.316151202749141 0
"Neotragus_batesi" NA 1741.05 0 0.555555555555556 0
"Neovison_vison" 39 1473.65 0 0.525522041763341 0
"Niviventer_confucianus" NA 624.3996409 0 0.537757437070938 0
"Niviventer_excelsior" NA 639.6318318 0 0.523156089193825 0
"Niviventer_fulvescens" NA 624.3996409 0 0.529342723004695 0
"Nomascus_leucogenys" NA 5475 1 0.648387096774194 0
"Nomascus_siki" NA 5475 1 0.650963597430407 0
"Notoryctes_typhlops" NA 998.6765636 0 0.454851374088615 0
"Nyctalus_noctula" NA 1529.35 0 0.348519362186788 0
"Nyctereutes_procyonoides" 38 2091.936667 0 0.483183856502242 0
"Nycticebus_bengalensis" NA 2555 1 0.449048152295633 0
"Nycticebus_coucang" 35.4 2555 1 0.453527435610302 0
"Ochotona_collaris" NA 894.25 0 0.605479452054795 0
"Ochotona_curzoniae" NA 751.47417 0 0.583558680367766 0
"Ochotona_princeps" 40.1 1045.7507 0 0.635060639470783 0
"Odocoileus_hemionus" 39 2717.425 1 0.480791618160652 0
"Okapia_johnstoni" 38.07 4764.235717 1 0.643586833144154 0
"Onychomys_leucogaster" NA 671.9993 0 0.588785046728972 0
"Orcaella_heinsohni" NA 5475 1 0.487091222030981 0
"Oreamnos_americanus" NA 2864.106333 1 0.587521663778163 0
"Oreotragus_oreotragus" NA 2700.0653 1 0.526436781609195 0
"Ornithorhynchus_anatinus" 34 2878.755 1 0.347006651884701 0
"Orycteropus_afer" 34.5 3624.815 1 0.448115942028986 0
"Oryctolagus_cuniculus" 39 1515.3536 0 0.443592552026287 0
"Oryx_beisa" NA 2555 1 0.574614065180103 0
"Oryx_dammah" NA 3247.0961 1 0.570621468926554 0
"Oryx_gazella" 38.9 2866.554367 1 0.564233163554047 0
"Oryx_leucoryx" 38.5 2663.526667 1 0.591039632395175 0
"Otocolobus_manul" NA 2036.1475 0 0.518582046883934 0
"Otolemur_crassicaudatus" 36.6 2763.926 1 0.552319309600863 0
"Ourebia_ourebi" NA 2156.849633 0 0.592910234419668 0
"Ovis_ammon" NA 2920 1 0.607184241019699 0
"Ovis_canadensis" 38 2634.501667 1 0.626081938834391 0
"Ovis_orientalis" NA 2920 1 0.590514748409485 0
"Ozotoceros_bezoarticus" 37.5 2846.6847 1 0.43952802359882 0
"Paguma_larvata" NA 3014.413333 1 0.42790426152948 0
"Pan_paniscus" NA 9125 1 0.620445894507885 0
"Pan_troglodytes" 35.7 7300 1 0.600433134813211 0
"Panthera_leo" 37.9 2190 0 0.49386845039019 0
"Panthera_onca" 37 3581.681317 1 0.482300884955752 0
"Panthera_pardus" NA 3400.645433 1 0.48993288590604 0
"Panthera_tigris" 37.5 2920 1 0.48914858096828 0
"Panthera_uncia" NA 2920 1 0.474804031354983 0
"Pantholops_hodgsonii" NA 2190 0 0.597023468803664 0
"Papio_anubis" 37.3 3833.595 1 0.551442569406641 0
"Papio_cynocephalus" NA 6188.575 1 0.542981501632209 0
"Papio_hamadryas" 38 5332.504 1 0.545157780195865 0
"Papio_papio" NA 3650 1 0.537710255018991 0
"Papio_ursinus" 37 5714.3305 1 0.545700378583018 0
"Pardofelis_marmorata" NA 1821.16 0 0.502799552071669 0
"Pecari_tajacu" 37.5 3102.921667 1 0.656036446469248 0
"Peponocephala_electra" NA 8245.925 1 0.532838378069674 0
"Perameles_gunnii" 35.2 706.1569 0 0.484098939929329 0
"Perodicticus_potto" 36.1 3326.9897 1 0.547065337763012 0
"Petaurista_alborufus" NA 2015.755102 0 0.463198671831765 0
"Petaurus_breviceps" 35.9 1969.1592 0 0.456445993031359 0
"Phacochoerus_africanus" NA 2206.301667 1 0.633038348082596 0
"Phalanger_vestitus" 36.4 2000.363913 0 0.700118063754427 0
"Phascogale_tapoatafa" 37.4 878.35415 0 0.388646288209607 0
"Phascolarctos_cinereus" 35.8 2746.4425 1 0.584587597832631 0
"Philantomba_maxwellii" NA 2287.576667 1 0.542168674698795 0
"Philantomba_monticola" 39.4 1818.1211 0 0.570190641247834 0
"Phoca_largha" NA 6935 1 0.565662308129619 0
"Phoca_vitulina" 36.7 5413.68 1 0.564872521246459 0
"Phocarctos_hookeri" NA 3650 1 0.500848896434635 0
"Phocoena_phocoena" NA 3028.845 1 0.489100055897149 0
"Pipistrellus_abramus" NA 1885.946275 0 0.416961130742049 0
"Pipistrellus_coromandra" NA 1885.946275 0 0.366881217086015 0
"Plecotus_auritus" 34 3693.8 1 0.367705382436261 0
"Plecotus_macrobullaris" NA 2759.4 1 0.351382488479263 0
"Pongo_abelii" NA 9125 1 0.666131621187801 0
"Pongo_pygmaeus" NA 7300 1 0.662933333333333 0
"Pontoporia_blainvillei" NA 4380 1 0.541457985531441 0
"Potamochoerus_porcus" NA 3134.383667 1 0.546189376443418 0
"Potorous_tridactylus" 35.9 1685.9516 0 0.548723897911833 0
"Presbytis_melalophos" NA 3650 1 0.419883040935673 0
"Priodontes_maximus" 33.6 1979.1637 0 0.638888888888889 0
"Prionailurus_bengalensis" NA 2350.842867 1 0.523209169054441 0
"Prionailurus_planiceps" NA 2190 0 0.533903133903134 0
"Prionailurus_rubiginosus" NA 2153.865 0 0.533869115958668 0
"Prionailurus_viverrinus" NA 2190 0 0.521640091116173 0
"Prionodon_pardicolor" NA 1583.31 0 0.433295324971494 0
"Procapra_gutturosa" NA 1793.275567 0 0.551445086705202 0
"Procapra_przewalskii" NA 2667.1385 1 0.542461005199307 0
"Procavia_capensis" 37 3079.14 1 0.641173087981599 0
"Procyon_lotor" 38 2703.9188 1 0.456775700934579 0
"Proechimys_longicaudatus" 37.9 631.7859833 0 0.395403653506187 0
"Proedromys_liangshanensis" NA 589.3882991 0 0.571913929784825 0
"Prolemur_simus" NA 3285 1 0.432681242807825 0
"Propithecus_coquereli" NA 3650 1 0.543778801843318 0
"Propithecus_diadema" NA 3650 1 0.526586620926244 0
"Propithecus_edwardsi" NA 3650 1 0.517084282460137 0
"Propithecus_tattersalli" NA 3283.175 1 0.545559400230681 0
"Propithecus_verreauxi" 36 3650 1 0.526918671248568 0
"Przewalskium_albirostris" NA 2555 1 0.523809523809524 0
"Pseudocheirus_peregrinus" 37.4 1217.0925 0 0.569035239745812 0
"Pseudois_nayaur" NA 2949.321667 1 0.623435722411832 0
"Pseudois_schaeferi" NA 2555 1 0.636156907333712 0
"Pseudomys_chapmani" NA 884.68295 0 0.578199052132701 0
"Pseudorca_crassidens" 36.6 7242.6075 1 0.521788990825688 0
"Pseudoryx_nghetinhensis" NA 2287.540787 1 0.572928821470245 0
"Pteromys_volans" NA 1384.121263 0 0.433257918552036 0
"Pteronotus_parnellii" 36.4 1888.065371 0 0.610034207525656 0
"Pteropus_alecto" NA 2945.918407 1 0.563799887577291 0
"Pteropus_dasymallus" NA 1825 0 0.570386988222098 0
"Pteropus_scapulatus" 37 2945.918407 1 0.579006772009029 0
"Pteropus_vampyrus" 36.9 2945.918407 1 0.572234762979684 0
"Pudu_puda" NA 1460 0 0.463785046728972 0
"Puma_concolor" 37.6 2693.790067 1 0.543839541547278 0
"Puma_yagouaroundi" 38.4 2250.566667 1 0.554655870445344 0
"Pusa_caspica" NA 5840 1 0.57263990955342 0
"Pusa_hispida" NA 6803.8094 1 0.586363636363636 0
"Pusa_sibirica" NA 7898.81575 1 0.580316742081448 0
"Pygathrix_nemaeus" NA 4015 1 0.443874643874644 0
"Pygathrix_nigripes" NA 4015 1 0.44636678200692 0
"Rangifer_tarandus" 37.2 1825 0 0.447787610619469 0
"Raphicerus_campestris" 39.4 1744.588433 0 0.525114155251142 0
"Rattus_exulans" NA 534.7590667 0 0.565873476494486 0
"Rattus_fuscipes" 37.5 558.5072833 0 0.595634692705342 0
"Rattus_leucopus" NA 534.7590667 0 0.625866050808314 0
"Rattus_lutreolus" 36.7 440.2920833 0 0.613272311212815 0
"Rattus_niobe" NA 534.7590667 0 0.609248554913295 0
"Rattus_praetor" NA 534.7590667 0 0.613126079447323 0
"Rattus_rattus" NA 546.1994 0 0.574566473988439 0
"Rattus_sordidus" NA 534.7590667 0 0.605552342394448 0
"Rattus_tanezumi" NA 534.7590667 0 0.552752293577982 0
"Rattus_tiomanicus" NA 534.7590667 0 0.587246376811594 0
"Rattus_tunneyi" NA 534.7590667 0 0.580941446613088 0
"Rattus_villosissimus" 35.9 534.7590667 0 0.593803786574871 0
"Ratufa_bicolor" NA 2327.157917 1 0.500843170320405 0
"Redunca_arundinum" NA 2293.051667 1 0.583768115942029 0
"Rhinoceros_sondaicus" NA 5400.53 1 0.611940298507463 0
"Rhinoceros_unicornis" 37.4 6851.989367 1 0.63069821119446 0
"Rhinolophus_formosae" NA 2726.53565 1 0.59375 0
"Rhinolophus_luctus" NA 2726.53565 1 0.603333333333333 0
"Rhinolophus_macrotis" NA 2937.38135 1 0.577741407528642 0
"Rhinolophus_rex" NA 2726.53565 1 0.549189189189189 0
"Rhinophylla_pumilio" 34.7 2064.27635 0 0.361585030269675 0
"Rhinopithecus_avunculus" NA 3650 1 0.418793503480278 0
"Rhinopithecus_bieti" NA 4015 1 0.432681242807825 0
"Rhinopithecus_brelichi" NA 3650 1 0.411359724612737 0
"Rhinopithecus_roxellana" NA 4745 1 0.434027777777778 0
"Rhinopithecus_strykeri" NA 2190 0 0.417386298215314 0
"Rhizomys_pruinosus" NA 2113.949682 0 0.398069278818853 0
"Rhizomys_sinensis" NA 717.7762436 0 0.402714932126697 0
"Rhyncholestes_raphanurus" NA 998.6765636 0 0.445358401880141 0
"Rousettus_aegyptiacus" 34.8 1825 0 0.558011049723757 0
"Rucervus_duvaucelii" NA 2920 1 0.510180337405468 0
"Rucervus_eldii" NA 1825 0 0.531177829099307 0
"Rupicapra_pyrenaica" NA 2437.9015 1 0.592298980747452 0
"Rusa_alfredi" NA 2555.9125 1 0.521613832853026 0
"Rusa_timorensis" NA 1825 0 0.540603248259861 0
"Saguinus_oedipus" NA 2190 0 0.485714285714286 0
"Saiga_tatarica" NA 1700.19755 0 0.509259259259259 0
"Saimiri_boliviensis" NA 3354.65875 1 0.514124293785311 0
"Saimiri_sciureus" 38 3789.3175 1 0.515254237288135 0
"Sarcophilus_harrisii" 35.8 1704.2151 0 0.375071143995447 0
"Scapanulus_oweni" NA 759.1857214 0 0.470997679814385 0
"Sciurus_vulgaris" NA 1612.7525 0 0.352112676056338 0
"Semnopithecus_entellus" NA 3806.439 1 0.397701149425287 0
"Sicista_concolor" 36 731.7872 0 0.383288409703504 0
"Simias_concolor" NA 4024.409658 1 0.487385321100917 0
"Sminthopsis_crassicaudata" 35.2 594.4425 0 0.346916299559471 0
"Sminthopsis_douglasi" 33.3 546.0264667 0 0.36378646119978 0
"Sorex_araneus" 37.35 524.7815 0 0.472 0
"Sorex_cylindricauda" NA 422.8845979 0 0.435428571428571 0
"Sorex_tundrensis" NA 422.8845979 0 0.474344355758267 0
"Sorex_unguiculatus" NA 392.4667 0 0.466893039049236 0
"Sousa_chinensis" NA 7300 1 0.515046296296296 0
"Spalacopus_cyanus" 36.5 1310.04695 0 0.45304193738925 0
"Spermophilus_dauricus" 37.5 1053.682907 0 0.353967360720315 0
"Spilogale_putorius" 36.4 1257.256817 0 0.4518779342723 0
"Stenella_attenuata" NA 8395 1 0.51004016064257 0
"Stenella_coeruleoalba" NA 7926.62525 1 0.506058857472591 0
"Sturnira_tildae" 36.4 2064.27635 0 0.62609649122807 0
"Stylodipus_telum" NA 726.1971375 0 0.456342668863262 0
"Suncus_murinus" 38.7 363.52745 0 0.315637622619735 0
"Sus_barbatus" NA 2555 1 0.64692082111437 0
"Sus_cebifrons" NA 2555 1 0.677040516735173 0
"Sus_celebensis" NA 2086.55 0 0.666080843585237 0
"Sus_scrofa" 39 2656.07 1 0.648364485981308 0
"Sus_verrucosus" NA 2190 0 0.653710247349823 0
"Sylvicapra_grimmia" NA 1986.497967 0 0.608045977011494 0
"Symphalangus_syndactylus" NA 4745 1 0.610561056105611 0
"Syncerus_caffer" NA 4169.76 1 0.581661891117478 0
"Tachyglossus_aculeatus" 30.7 5687.0204 1 0.438769906644701 0
"Talpa_europaea" NA 1000.1 0 0.504916136495084 0
"Tamandua_mexicana" 32 1854.65 0 0.624335499113999 0
"Tamandua_tetradactyla" 33.5 1854.65 0 0.612220916568743 0
"Tamias_sibiricus" 38.2 1311.5224 0 0.442467378410439 0
"Tamiops_maritimus" NA 1239.298869 0 0.498597868760516 0
"Tamiops_swinhoei" NA 1239.298869 0 0.511484593837535 0
"Tapirus_indicus" 36.8 4015 1 0.570159857904085 0
"Tarsipes_rostratus" 36.6 341.275 0 0.411021814006889 0
"Tarsius_bancanus" 36 2190 0 0.543216943331425 0
"Tarsius_dentatus" 36 2190 0 0.484168105929764 0
"Tarsius_lariang" 36 2190 0 0.478460654796094 0
"Tarsius_wallacei" 36 2190 0 0.487650775416427 0
"Taxidea_taxus" 38 3030.662667 1 0.615786419036564 0
"Theropithecus_gelada" NA 4456.1902 1 0.609220636663008 0
"Thryonomys_swinderianus" NA 837.31 0 0.497307001795332 0
"Thylamys_elegans" NA 642.840025 0 0.315366972477064 0
"Tlacuatzin_canescens" NA 642.840025 0 0.518311607697083 0
"Tolypeutes_matacus" 33 4287.958 1 0.715451895043732 0
"Tolypeutes_tricinctus" NA 1095 0 0.698912421293646 0
"Tonatia_saurophila" 37 2064.27635 0 0.570135746606335 0
"Trachypithecus_cristatus" NA 3650 1 0.465675057208238 0
"Trachypithecus_francoisi" NA 4015 1 0.474701534963047 0
"Trachypithecus_germaini" NA 4015 1 0.445397369925672 0
"Trachypithecus_hatinhensis" NA 4015 1 0.459335624284078 0
"Trachypithecus_johnii" NA 4015 1 0.405805350028458 0
"Trachypithecus_obscurus" NA 3650 1 0.448587570621469 0
"Trachypithecus_pileatus" NA 4015 1 0.460750853242321 0
"Trachypithecus_shortridgei" NA 4015 1 0.463079564968517 0
"Trachypithecus_vetulus" NA 4015 1 0.447963800904977 0
"Tragelaphus_imberbis" 38.9 2555 1 0.511864406779661 0
"Tragelaphus_scriptus" 38.9 1914.548167 0 0.601156069364162 0
"Tragelaphus_spekii" 38.9 2746.500967 1 0.608115942028986 0
"Tragulus_kanchil" 38.4 1825 0 0.559169938306225 0
"Trichechus_manatus" NA 7300 1 0.43218012081274 0
"Trichosurus_vulpecula" 36 2008.23 0 0.630017452006981 0
"Trinomys_dimidiatus" 37.6 739.0095889 0 0.450319581638582 0
"Tscherskia_triton" NA 589.3882991 0 0.402261712439418 0
"Tupaia_belangeri" 38.8 1458.084583 0 0.507554560716284 0
"Tursiops_aduncus" NA 6427.88 1 0.474956822107081 0
"Tursiops_truncatus" NA 6427.88 1 0.494239631336405 0
"Urocyon_cinereoargenteus" NA 1955.5492 0 0.418565869927738 0
"Uropsilus_soricipes" NA 759.1857214 0 0.398478642480983 0
"Urotrichus_talpoides" NA 680.5528 0 0.55842630651791 0
"Ursus_americanus" NA 4734.076867 1 0.394444444444444 0
"Ursus_arctos" 37.3 5976.266667 1 0.400662251655629 0
"Ursus_maritimus" 36.8 5475 1 0.396580253723111 0
"Ursus_thibetanus" 37.5 3650 1 0.397018221976808 0
"Vampyrum_spectrum" NA 2064.27635 0 0.604590505998957 0
"Vespertilio_sinensis" NA 1599.6536 0 0.430401863715783 0
"Vicugna_vicugna" 39.9 3674.846867 1 0.430508474576271 0
"Viverricula_indica" NA 1658.835 0 0.445922498554078 0
"Vombatus_ursinus" NA 3542.014 1 0.595036661026509 0
"Vulpes_corsac" NA 2173.37545 0 0.38195991091314 0
"Vulpes_ferrilata" NA 1427.3028 0 0.380077907623817 0
"Vulpes_vulpes" 38.7 2105.3972 0 0.388300835654596 0
"Vulpes_zerda" 38.8 1878.788155 0 0.42014468558709 0
"Wiedomys_cerradensis" NA 589.3882991 0 0.428076256499133 0
"Zalophus_californianus" 38.1 5306.69155 1 0.565616045845272 0
"Ziphius_cavirostris" NA 6460.5 1 0.5 0
