"Species" "TemperatureC" "SAG_STC" "LongevityDAYS" "DummyCOLDER"
"Acinonyx_jubatus" 39 0.507146941109205 2190 0
"Acomys_cahirinus" 37.5 0.621621621621622 650.0125 0
"Addax_nasomaculatus" NA 0.585100286532951 2555 0
"Aepyceros_melampus" NA 0.596736596736597 2674.111667 0
"Ailuropoda_melanoleuca" NA 0.369491525423729 5246.699417 0
"Ailurus_fulgens" 37.6 0.398126463700234 3650 0
"Akodon_montensis" 37.7 0.508015478164732 589.3882991 0
"Alcelaphus_buselaphus" NA 0.601571268237935 2863.875333 0
"Alces_alces" 38.6 0.509632224168126 3721.7786 0
"Allenopithecus_nigroviridis" NA 0.494915254237288 4024.409658 0
"Alouatta_caraya" NA 0.562822719449225 3750.594 0
"Alouatta_seniculus" NA 0.55045871559633 3833.157 0
"Ammotragus_lervia" NA 0.643101482326112 1825 0
"Anoura_caudifer" 36.5 0.477426636568849 2064.27635 1
"Anourosorex_squamipes" NA 0.457922228670923 379.2929563 0
"Antidorcas_marsupialis" NA 0.494492753623188 2563.152683 0
"Antilocapra_americana" 38 0.655172413793103 1652.841667 0
"Antilope_cervicapra" NA 0.598860398860399 2747.350267 0
"Aotus_lemurinus" 38 0.464530892448513 2920 0
"Apodemus_agrarius" NA 0.460739030023095 504.40745 1
"Apodemus_chevrieri" NA 0.473074696004632 554.1929125 0
"Apodemus_draco" NA 0.555295494441194 554.1929125 0
"Apodemus_latronum" NA 0.542352941176471 554.1929125 0
"Apodemus_peninsulae" NA 0.464098073555166 554.1929125 1
"Arctocephalus_forsteri" NA 0.534883720930233 3285 0
"Arctocephalus_pusillus" NA 0.531285551763367 3587.7675 0
"Arctocephalus_townsendi" NA 0.52058657642414 3650 0
"Arctonyx_collaris" NA 0.536940081442699 1798.679445 0
"Artibeus_jamaicensis" 36.4 0.429533969679955 1920.4777 1
"Artibeus_lituratus" 37.3 0.397536394176932 1920.4777 0
"Ateles_belzebuth" NA 0.552708211997671 5475 0
"Avahi_laniger" NA 0.460021905805038 3649.771875 0
"Axis_axis" 39.2 0.52168815943728 3650 0
"Axis_porcinus" NA 0.522041763341067 2555 0
"Balaena_mysticetus" NA 0.632975719932242 18980 0
"Balaenoptera_acutorostrata" NA 0.609783845278726 8030 0
"Balaenoptera_bonaerensis" NA 0.646127755794234 8030 0
"Balaenoptera_borealis" NA 0.618510158013544 8504.5 0
"Balaenoptera_edeni" NA 0.626546681664792 10042.4483 0
"Balaenoptera_musculus" NA 0.614173228346457 11315 0
"Balaenoptera_omurai" NA 0.580246913580247 9016.737075 0
"Balaenoptera_physalus" NA 0.601804850535815 9490 0
"Bandicota_indica" NA 0.518753606462781 639.6318318 0
"Beatragus_hunteri" NA 0.5954802259887 2253.9745 0
"Berardius_bairdii" NA 0.548821548821549 9855 0
"Bison_bison" 38.7 0.587521663778163 4288.141667 0
"Bison_bonasus" 38.35 0.576923076923077 3595.3298 0
"Blarinella_quadraticauda" NA 0.406032482598608 379.2929563 0
"Blastocerus_dichotomus" NA 0.423668639053254 1825 0
"Bos_gaurus" NA 0.592422502870264 3285 0
"Bos_javanicus" 38.8 0.571593533487298 3285 0
"Bos_mutus" NA 0.570276497695853 3650 0
"Boselaphus_tragocamelus" NA 0.596501457725948 2944.82 0
"Brachyphylla_cavernarum" NA 0.529871580122836 2064.27635 0
"Bradypus_pygmaeus" 33 0.634420096205238 3873.20485 1
"Bubalus_depressicornis" 38.1 0.545093590470788 2920 0
"Budorcas_taxicolor" NA 0.61800346220427 2920 0
"Cabassous_centralis" 33.6 0.618141097424412 1859.11975 1
"Cabassous_chacoensis" NA 0.638297872340426 1859.11975 0
"Cabassous_tatouay" NA 0.591836734693878 1859.11975 0
"Cabassous_unicinctus" NA 0.617977528089888 1859.11975 0
"Cacajao_calvus" NA 0.493150684931507 3650 0
"Caenolestes_fuliginosus" NA 0.504161712247325 998.6765636 1
"Callimico_goeldii" 36 0.436960276338515 2190 1
"Callithrix_geoffroyi" NA 0.539691604797259 2110.588375 0
"Callithrix_jacchus" 36 0.542431192660551 2156.5235 1
"Callithrix_kuhlii" NA 0.536082474226804 2190 0
"Callithrix_penicillata" NA 0.544100801832761 2110.588375 0
"Callorhinus_ursinus" NA 0.543839541547278 4745 0
"Callosciurus_erythraeus" NA 0.41993281075028 1585.1964 0
"Camelus_ferus" 37.5 0.43109151047409 5840 0
"Canis_latrans" 37 0.414414414414415 2569.032222 0
"Canis_lupus" 38.3 0.403409090909091 2883.256667 0
"Caperea_marginata" NA 0.534804753820034 10278.51578 0
"Capra_aegagrus" 39.3 0.586483390607102 2097.005 0
"Capra_caucasica" 39.3 0.587899543378996 2555 0
"Capra_ibex" 39.3 0.607731665719159 2958.933333 0
"Capra_pyrenaica" 39.3 0.604107244723331 2471.76 0
"Capreolus_pygargus" 38 0.443793911007026 3063.8029 0
"Capricornis_crispus" NA 0.618668184405236 3135.631967 0
"Capricornis_milneedwardsii" NA 0.594548551959114 2555 0
"Capricornis_sumatraensis" NA 0.595902105862265 2555 0
"Capricornis_swinhoei" NA 0.594822734946539 2421.9825 0
"Caracal_caracal" NA 0.498858447488584 2239.8225 0
"Carollia_perspicillata" 36.4 0.49671772428884 1847.5352 1
"Cebus_albifrons" NA 0.506031016657094 5508.653 0
"Cephalophus_adersi" NA 0.604597701149425 703.088 0
"Cephalophus_callipygus" NA 0.581368602645199 1936.42625 0
"Cephalophus_leucogaster" NA 0.573883161512027 836.8205 0
"Cephalophus_natalensis" NA 0.570285714285714 1890.876667 0
"Cephalophus_spadix" NA 0.574052812858783 962.787 0
"Cephalorhynchus_heavisidii" NA 0.530155083285468 4469.46 0
"Ceratotherium_simum" NA 0.585462805224304 6865.345833 0
"Cercocebus_atys" NA 0.56991643454039 3285 0
"Cercocebus_chrysogaster" NA 0.594413407821229 3492.441667 0
"Cercocebus_torquatus" NA 0.552439708356702 3285 0
"Cercopithecus_diana" NA 0.581649371927908 3285 0
"Cercopithecus_lhoesti" NA 0.528953229398664 3650 0
"Cercopithecus_mitis" 37.5 0.529411764705882 4917.1705 0
"Cervus_elaphus" 35.2 0.51764025448236 5209.4516 1
"Chaetophractus_vellerosus" 34.4 0.60806916426513 1460 1
"Chaetophractus_villosus" 35.1 0.603926096997691 1460 1
"Chalinolobus_tuberculatus" 31.1 0.429906542056075 2051.666208 1
"Cheirogaleus_medius" 38 0.469178082191781 2584.9082 1
"Chinchilla_lanigera" 35.7 0.553142857142857 1825 1
"Chiropotes_albinasus" NA 0.428895184135977 3650 0
"Chlamyphorus_truncatus" NA 0.526372443487621 1831.21217 0
"Chlorocebus_cynosuros" 36.8 0.575055187637969 4533.4825 1
"Chlorocebus_pygerythrus" 36.8 0.571428571428572 4533.4825 1
"Chlorocebus_tantalus" 36.8 0.564116675839295 4533.4825 1
"Choloepus_didactylus" NA 0.679691799669785 4669.36675 0
"Choloepus_hoffmanni" 34.4 0.65410199556541 5095.5978 1
"Chrysochloris_asiatica" 34 0.45346062052506 1036.557583 1
"Chrysocyon_brachyurus" NA 0.374288964732651 2032.3307 0
"Colobus_guereza" 37 0.520856820744081 4509.575 0
"Condylura_cristata" 37.7 0.606734816596512 558.6411 0
"Connochaetes_gnou" NA 0.599320882852292 2860.14 0
"Connochaetes_taurinus" 38 0.605411499436302 2942.265 0
"Cricetulus_kamensis" NA 0.563758389261745 589.3882991 0
"Cricetulus_longicaudatus" NA 0.325301204819277 589.3882991 0
"Crocidura_attenuata" 35 0.362335432169433 427.67965 1
"Crocidura_beatus" 35 0.346064814814815 427.67965 1
"Crocidura_grayi" 35 0.359537572254335 427.67965 1
"Crocidura_lasiura" 35 0.356125356125356 427.67965 1
"Crocidura_mindorus" 35 0.385241138872748 427.67965 1
"Crocidura_negrina" 35 0.3329473074696 427.67965 1
"Crocidura_orientalis" 35 0.381395348837209 427.67965 1
"Crocidura_palawanensis" NA 0.37122969837587 409.171225 0
"Crocidura_shantungensis" NA 0.3279258400927 409.171225 0
"Crocuta_crocuta" NA 0.561111111111111 5054.41125 0
"Ctenomys_leucodon" 36.1 0.449451887941535 600.93415 1
"Cuon_alpinus" NA 0.347972972972973 2041.808633 0
"Cynomys_leucurus" 36.7 0.349303621169916 1567.7682 1
"Cynomys_ludovicianus" NA 0.334804191947049 1567.7682 1
"Cynopterus_brachyotis" 36.5 0.585406301824212 1287.664 1
"Cystophora_cristata" NA 0.582055650198751 3650 0
"Dactylomys_dactylinus" NA 0.427725118483412 739.0095889 0
"Dactylopsila_trivirgata" NA 0.558411214953271 1905.2339 1
"Dama_dama" NA 0.488129704690214 3286.095 0
"Dama_mesopotamica" NA 0.483159117305459 2605.92075 0
"Damaliscus_lunatus" NA 0.608988764044944 2190 0
"Damaliscus_pygargus" NA 0.57190635451505 3053.358833 0
"Dasypus_hybridus" NA 0.6487747957993 1460 0
"Dasypus_kappleri" NA 0.691588785046729 1642.5 0
"Dasypus_novemcinctus" 34.5 0.645067133683596 1825 1
"Dasypus_pilosus" NA 0.649677797305214 1642.5 0
"Dasypus_sabanicola" NA 0.644157369348209 1642.5 0
"Dasypus_septemcinctus" NA 0.6487747957993 1642.5 0
"Dasypus_yepesi" NA 0.640304628002343 1642.5 0
"Daubentonia_madagascariensis" NA 0.591184573002755 2920 0
"Delphinus_capensis" NA 0.487327188940092 3545.59095 0
"Dendrohyrax_dorsalis" NA 0.614763552479815 1675.3724 0
"Desmodus_rotundus" 35 0.610456176319836 2779.7975 1
"Dicerorhinus_sumatrensis" NA 0.632882882882883 7300 0
"Diceros_bicornis" 39 0.603665521191294 6205 0
"Didelphis_virginiana" 35 0.410564225690276 745.99 1
"Dipus_sagitta" 36.8 0.471264367816092 726.1971375 1
"Distoechurus_pennatus" NA 0.515563101301641 997.9661 1
"Dorcatragus_megalotis" NA 0.49825378346915 1825 0
"Dremomys_rufigenis" NA 0.519818799546999 1384.121263 0
"Dromiciops_gliroides" 35.15 0.430365296803653 998.6765636 1
"Dugong_dugon" 33 0.445111960677226 10246.2396 1
"Echinops_telfairi" 34.7 0.262736119061248 1967.0915 1
"Echinosorex_gymnura" 36.3 0.380454824830977 1202.925238 1
"Elaphodus_cephalophus" NA 0.508120649651972 2555 0
"Elaphurus_davidianus" NA 0.509543088490457 3530.65 0
"Elephas_maximus" 35.8 0.419838523644752 8030 1
"Enhydra_lutris" 37.5 0.534246575342466 5475 0
"Eospalax_rothschildi" NA 0.393974507531866 1032.923574 0
"Eothenomys_chinensis" NA 0.592656339644291 589.3882991 0
"Eothenomys_melanogaster" NA 0.579954954954955 589.3882991 0
"Eothenomys_miletus" NA 0.592 589.3882991 0
"Eozapus_setchuanus" NA 0.414333706606943 726.1971375 0
"Episoriculus_caudatus" NA 0.479343520090549 426.9101194 0
"Episoriculus_fumidus" NA 0.473684210526316 426.9101194 0
"Episoriculus_macrurus" NA 0.461404526987812 426.9101194 0
"Epomophorus_gambianus" NA 0.565752658086178 2349.856741 0
"Eptesicus_serotinus" 36 0.41852286049238 2400.9362 1
"Equus_grevyi" 38.3 0.573660714285714 2190 0
"Equus_hemionus" 38.3 0.604296212549463 1825 0
"Equus_kiang" 38.3 0.607687959299039 3704.385 0
"Equus_zebra" 38.3 0.559151785714286 4024.699367 0
"Eremitalpa_granti" 33.6 0.436720142602496 1036.557583 1
"Erignathus_barbatus" NA 0.568876080691643 6935 0
"Erinaceus_europaeus" 34 0.261770244821092 1608.5234 1
"Erythrocebus_patas" 39.3 0.458705357142857 3529.3359 0
"Eschrichtius_robustus" NA 0.627749576988156 10444.3345 0
"Eubalaena_australis" NA 0.611518915866742 9855 0
"Eubalaena_japonica" NA 0.602040816326531 9704.4375 0
"Euchoreutes_naso" NA 0.394780677401444 726.1971375 0
"Eudorcas_rufifrons" NA 0.57454128440367 1825 0
"Eulemur_mongoz" 36.5 0.481481481481481 4154.1015 1
"Eulemur_rufus" 36.5 0.473087818696884 3206.295944 1
"Eumetopias_jubatus" NA 0.583762149799886 3650 0
"Felis_chaus" NA 0.491681009753299 1903.782067 0
"Felis_margarita" NA 0.511694238448374 1730.465 0
"Felis_nigripes" NA 0.513112884834664 1685.3793 0
"Felis_silvestris" NA 0.540308747855918 2905.4 0
"Feresa_attenuata" NA 0.519818799546999 7142.099015 0
"Galago_moholi" NA 0.548672566371681 1930.5215 1
"Galago_senegalensis" 37.9 0.534216335540839 2167.5525 0
"Galemys_pyrenaicus" NA 0.495066744051074 730 0
"Galeopterus_variegatus" NA 0.589881593110872 2840.441639 0
"Gazella_cuvieri" NA 0.549199084668192 2022.515 0
"Gazella_gazella" 39.5 0.540401146131805 2190 0
"Gazella_leptoceros" NA 0.559885386819484 1729.8227 0
"Gazella_spekei" NA 0.547428571428571 2190 0
"Gazella_subgutturosa" 39.5 0.572002294893861 2496.146667 0
"Genetta_servalina" NA 0.460571428571429 2211.9 0
"Giraffa_camelopardalis" 37.1 0.556189389617798 5251.011667 0
"Glis_glis" 37.7 0.387802071346375 1152.9402 1
"Globicephala_macrorhynchus" NA 0.50967007963595 8650.5 0
"Globicephala_melas" NA 0.513667425968109 8760 0
"Gorilla_gorilla" 35.5 0.576713819368879 8030 1
"Grampus_griseus" NA 0.513112884834664 7300 0
"Gulo_gulo" 37 0.501416430594901 2622.30185 0
"Halichoerus_grypus" NA 0.578947368421053 5110 0
"Hapalemur_griseus" NA 0.405963302752294 3285 0
"Helarctos_malayanus" 38.1 0.426991150442478 3650 0
"Hemiechinus_auritus" 33.8 0.34353091140854 940.3939 1
"Hemitragus_jemlahicus" NA 0.637400228050171 2555 0
"Heterocephalus_glaber" 32.1 0.651612903225806 2023.309775 1
"Hippocamelus_antisensis" NA 0.444639718804921 1459.26 0
"Hippopotamus_amphibius" 35.4 0.624371157070989 3650 1
"Hipposideros_armiger" NA 0.548527808069793 1834.2256 0
"Hippotragus_equinus" NA 0.600229753015508 3070.224367 0
"Hyaena_hyaena" 37 0.558643690939411 3351.042633 0
"Hydropotes_inermis" 38.3 0.451048951048951 2190 0
"Hydrurga_leptonyx" NA 0.643356643356643 5110 0
"Hyemoschus_aquaticus" NA 0.498342541436464 1930.0898 0
"Hylobates_agilis" NA 0.613107822410148 5475 0
"Hylobates_lar" NA 0.612179487179487 5475 0
"Hylobates_pileatus" NA 0.628755364806867 5475 0
"Hylomys_suillus" 37.3 0.318103940605368 1202.925238 0
"Hylopetes_phayrei" NA 0.378055713473565 1384.121263 0
"Hyperoodon_ampullatus" NA 0.549631310266591 6460.5 0
"Indri_indri" NA 0.428251121076233 4015 0
"Inia_geoffrensis" NA 0.531868131868132 4840.09 0
"Isoodon_macrourus" 35.9 0.440758293838863 623.745 1
"Jaculus_jaculus" 37.5 0.404301075268817 919.8561 0
"Kobus_leche" 38.7 0.549653579676674 2660.837833 0
"Kogia_breviceps" NA 0.592452830188679 4380 0
"Lagenorhynchus_albirostris" NA 0.506003430531732 5667.52995 0
"Lagorchestes_hirsutus" 36 0.525773195876289 1100.21785 1
"Lagostrophus_fasciatus" 36 0.545045045045045 2311.607416 1
"Lagothrix_lagotricha" NA 0.529069767441861 5475 0
"Lama_guanicoe" 38 0.472081218274112 4064.145 0
"Laonastes_aenigmamus" NA 0.574043261231281 1032.923574 0
"Lariscus_insignis" NA 0.393736017897092 1384.121263 0
"Lasiopodomys_mandarinus" NA 0.514508928571429 589.3882991 0
"Lasiurus_borealis" 34.8 0.294736842105263 2051.666208 1
"Leggadina_lakedownensis" NA 0.55061439438268 624.3996409 0
"Lemur_catta" NA 0.435689455388181 2920 0
"Leontopithecus_rosalia" NA 0.449122807017544 3601.747 0
"Leopardus_colocolo" NA 0.553021664766248 2592.96 0
"Leopardus_geoffroyi" NA 0.527003979533826 2827.89 0
"Leopardus_guigna" NA 0.540571428571428 2190 0
"Leopardus_jacobita" NA 0.556189389617798 1392.97 0
"Leopardus_pardalis" 38 0.531018782014798 3011.876283 0
"Leopardus_tigrinus" NA 0.562642369020501 2190 0
"Leopardus_wiedii" 38 0.543019943019943 2190 0
"Leopoldamys_edwardsi" NA 0.526493799323563 639.6318318 0
"Lepilemur_hubbardorum" NA 0.490481522956327 1637.770967 0
"Lepilemur_ruficaudatus" NA 0.479236812570146 1637.770967 0
"Leptailurus_serval" 36.5 0.51441753171857 3018.0586 1
"Leptonychotes_weddellii" NA 0.622312608948286 4015 0
"Lepus_americanus" 39.8 0.354945054945055 1105.95 0
"Lepus_capensis" NA 0.386237513873474 1047.27668 0
"Lepus_coreanus" NA 0.399778516057586 1047.27668 0
"Lepus_europaeus" 38.3 0.369589345172031 730 0
"Lepus_hainanus" NA 0.416712783619258 1047.27668 0
"Lepus_sinensis" NA 0.403199117484832 1047.27668 0
"Lepus_timidus" 39.7 0.398671096345515 1047.27668 0
"Lepus_tolai" NA 0.384615384615385 1047.27668 0
"Lepus_townsendii" 38.2 0.389660922734853 1097.83525 0
"Lipotes_vexillifer" NA 0.60927536231884 4840.09 0
"Litocranius_walleri" NA 0.563298490127758 2555 0
"Lobodon_carcinophaga" NA 0.599299065420561 5475 0
"Lophocebus_aterrimus" NA 0.570175438596491 3285 0
"Lophostoma_silvicolum" NA 0.611907386990077 2064.27635 0
"Loris_lydekkerianus" NA 0.514072372199885 2278.1475 0
"Loris_tardigradus" 35.5 0.526558891454965 2278.1475 1
"Loxodonta_africana" 36.2 0.419760137064535 9125 1
"Lutra_lutra" 38.1 0.526050420168067 2772.962083 0
"Lycaon_pictus" NA 0.433106575963719 2034.717 0
"Lynx_canadensis" NA 0.544532130777903 3391.958167 0
"Lynx_lynx" NA 0.557054525014053 3338.239417 0
"Lynx_pardinus" NA 0.537422622397299 1578.34 0
"Lynx_rufus" NA 0.550282485875706 3810.032222 0
"Macaca_arctoides" NA 0.574725274725275 3650 0
"Macaca_assamensis" NA 0.514953779227841 4572.989586 0
"Macaca_cyclopis" NA 0.579295154185022 4572.989586 0
"Macaca_fascicularis" 37.6 0.560197910940077 5076.8362 0
"Macaca_fuscata" NA 0.567894447498626 5118.76 0
"Macaca_leonina" NA 0.56945213060321 4015 0
"Macaca_mulatta" 37.3 0.563835616438356 5058.9 0
"Macaca_nemestrina" NA 0.60797342192691 4015 0
"Macaca_nigra" NA 0.579356270810211 4745 0
"Macaca_silenus" NA 0.572375690607735 5509.018 0
"Macaca_sylvanus" NA 0.554083885209713 2920 0
"Macaca_thibetana" NA 0.533223503569467 3285 0
"Macaca_tonkeana" NA 0.580805295091009 4745 0
"Macropus_robustus" 36.1 0.524244152880776 2984.65355 1
"Macroscelides_proboscideus" 36.2 0.522558537978298 995.97395 1
"Macrotis_lagotis" 35 0.486714975845411 1183.8648 1
"Madoqua_kirkii" 39 0.558352402745995 2131.079367 0
"Madoqua_saltiana" NA 0.54337899543379 2031.281017 0
"Mandrillus_leucophaeus" NA 0.598438371444507 3650 0
"Mandrillus_sphinx" NA 0.595518207282913 3650 0
"Manis_pentadactyla" 33.4 0.628112894299945 1825 1
"Marmota_himalayana" NA 0.358554488989272 1976.82975 1
"Martes_americana" 38 0.484340044742729 2227.96 0
"Martes_flavigula" NA 0.527887323943662 2642.060567 0
"Martes_foina" NA 0.515563101301641 2178.563333 0
"Martes_martes" NA 0.497470489038786 2100.94 0
"Martes_melampus" NA 0.499157776530039 1772.805 0
"Martes_pennanti" 38.5 0.502805836139169 1738.868111 0
"Martes_zibellina" NA 0.475815523059617 2087.381433 0
"Mazama_americana" NA 0.464805119255381 2017.365 0
"Mazama_nemorivaga" NA 0.433607520564042 2181.36375 0
"Megaptera_novaeangliae" NA 0.614647887323944 8030 0
"Meles_anakuma" NA 0.52954808806489 3136.8 1
"Meles_meles" 37 0.524868344060854 2161.2481 1
"Melogale_moschata" NA 0.483258928571429 1627.173333 0
"Melursus_ursinus" NA 0.43013698630137 3650 0
"Mephitis_mephitis" 36.45 0.477085781433607 1735.559295 1
"Meriones_libycus" NA 0.477363896848138 649.48035 0
"Meriones_meridianus" NA 0.429065743944637 608.1480167 0
"Meriones_unguiculatus" 38.2 0.380265435660704 503.8875 0
"Mesocricetus_auratus" 38.1 0.337182448036951 787.9135 1
"Mesoplodon_europaeus" NA 0.46719908727895 6460.5 0
"Mesoplodon_ginkgodens" NA 0.481609195402299 6460.5 0
"Mesoplodon_grayi" NA 0.435280641466208 6460.5 0
"Metachirus_nudicaudatus" 35 0.402257872846108 843.3734222 1
"Microcebus_murinus" NA 0.419392523364486 2053.5145 1
"Micromys_minutus" 38 0.482718894009217 502.66 0
"Micronycteris_megalotis" NA 0.657526580861779 2064.27635 0
"Microtus_kikuchii" NA 0.584269662921348 373.6238021 0
"Microtus_levis" NA 0.516508114157806 373.6238021 0
"Microtus_ochrogaster" 37.9 0.568385650224215 615.4024 0
"Mirounga_leonina" NA 0.585564610011641 3467.5 0
"Mogera_robusta" NA 0.545997610513739 759.1857214 0
"Mogera_wogura" NA 0.579693034238489 759.1857214 0
"Monachus_schauinslandi" NA 0.564809384164223 5475 0
"Monodelphis_domestica" 32.6 0.426190476190476 717.0425 1
"Monodon_monoceros" NA 0.554798409994322 8760 0
"Moschus_berezovskii" NA 0.552678045909359 2555 0
"Moschus_chrysogaster" NA 0.550205519671169 2555 0
"Moschus_moschiferus" NA 0.539812646370023 2190 0
"Mungotictis_decemlineata" NA 0.53470294280955 2146.94685 0
"Muntiacus_crinifrons" NA 0.518710420264825 2190 0
"Muntiacus_muntjak" NA 0.514908256880734 2416.4143 0
"Muntiacus_reevesi" NA 0.498559077809798 2931.795 0
"Muntiacus_vuquangensis" NA 0.510650546919977 2555 0
"Murina_leucogaster" NA 0.444888635065677 1825 0
"Murina_ussuriensis" NA 0.43739079790332 1825 0
"Mus_caroli" NA 0.430588235294118 628.295 0
"Mus_cervicolor" NA 0.513641755634638 628.295 0
"Mus_cookii" NA 0.532467532467533 628.295 0
"Mus_famulus" NA 0.532314923619271 628.295 0
"Mus_fragilicauda" NA 0.541984732824427 628.295 0
"Mus_musculus" 36.9 0.541617819460727 628.295 1
"Mus_spretus" NA 0.556333917104495 628.295 0
"Mus_terricolor" NA 0.554899645808737 435.665 0
"Mustela_altaica" NA 0.465448315248429 1846.9 0
"Mustela_erminea" 39.6 0.571346042749856 1078.777858 0
"Mustela_frenata" 39 0.519675925925926 986.1104833 0
"Mustela_kathiah" NA 0.504383401519579 1253.04 0
"Mustela_nigripes" NA 0.502876869965478 1497.506633 0
"Mustela_nivalis" NA 0.480251860331998 1194.19395 0
"Mustela_putorius" NA 0.497695852534562 1652.464383 0
"Mustela_sibirica" NA 0.476603119584055 1484.792222 0
"Myodes_glareolus" NA 0.587229190421893 577.7512 0
"Myodes_regulus" NA 0.58813462635482 433.3599222 0
"Myodes_rufocanus" NA 0.574857142857143 433.3599222 0
"Myospalax_aspalax" NA 0.488773747841105 1032.923574 0
"Myospalax_psilurus" NA 0.54392088423502 1032.923574 0
"Myotis_bombinus" NA 0.391771019677996 2106.628504 1
"Myotis_brandtii" NA 0.444380403458213 2106.628504 1
"Myotis_davidii" NA 0.361578641903656 2106.628504 1
"Myotis_formosus" NA 0.454328358208955 2106.628504 1
"Myotis_ikonnikovi" NA 0.39917695473251 2106.628504 1
"Myotis_lucifugus" 37 0.391812865497076 4117.2 1
"Myotis_macrodactylus" NA 0.373892498523331 2106.628504 1
"Myotis_muricola" NA 0.381261048909841 2106.628504 0
"Myotis_myotis" 35 0.334511189634865 2847 1
"Myrmecobius_fasciatus" 32.5 0.441700172314762 886.2761 1
"Myrmecophaga_tridactyla" 32.5 0.610823258491652 4124.5275 1
"Mystacina_tuberculata" NA 0.410958904109589 1888.065371 0
"Naemorhedus_goral" NA 0.606818181818182 2555 0
"Naemorhedus_griseus" NA 0.595008508224617 2555 0
"Nandinia_binotata" 37.4 0.646506165590135 2850.514083 0
"Nanger_dama" 39.2 0.577929465301479 2171.91595 0
"Nanger_soemmerringii" NA 0.5625 2555 0
"Nasalis_larvatus" NA 0.488027366020525 4015 0
"Nasua_nasua" 36.4 0.478460654796094 2778.4359 1
"Nectogale_elegans" NA 0.371461582900058 379.2929563 0
"Neodon_irene" NA 0.564534231200898 589.3882991 0
"Neofelis_nebulosa" NA 0.443767313019391 2550.887933 0
"Neomys_fodiens" 37.3 0.387521465369204 576.8888 0
"Neophoca_cinerea" NA 0.525539160045403 4599 0
"Neophocaena_asiaeorientalis" NA 0.479283314669653 6095.5 0
"Neophocaena_phocaenoides" NA 0.460724233983287 5840 0
"Neotetracus_sinensis" NA 0.316151202749141 1202.925238 0
"Neotragus_batesi" NA 0.555555555555556 1741.05 0
"Neovison_vison" 39 0.525522041763341 1473.65 0
"Niviventer_confucianus" NA 0.537757437070938 624.3996409 0
"Niviventer_excelsior" NA 0.523156089193825 639.6318318 0
"Niviventer_fulvescens" NA 0.529342723004695 624.3996409 0
"Nomascus_leucogenys" NA 0.648387096774194 5475 0
"Nomascus_siki" NA 0.650963597430407 5475 0
"Notoryctes_typhlops" NA 0.454851374088615 998.6765636 1
"Nyctalus_noctula" NA 0.348519362186788 1529.35 1
"Nyctereutes_procyonoides" 38 0.483183856502242 2091.936667 0
"Nycticebus_bengalensis" NA 0.449048152295633 2555 0
"Nycticebus_coucang" 35.4 0.453527435610302 2555 1
"Ochotona_collaris" NA 0.605479452054795 894.25 0
"Ochotona_curzoniae" NA 0.583558680367766 751.47417 0
"Ochotona_princeps" 40.1 0.635060639470783 1045.7507 0
"Odocoileus_hemionus" 39 0.480791618160652 2717.425 0
"Okapia_johnstoni" 38.07 0.643586833144154 4764.235717 0
"Onychomys_leucogaster" NA 0.588785046728972 671.9993 0
"Orcaella_heinsohni" NA 0.487091222030981 5475 0
"Oreamnos_americanus" NA 0.587521663778163 2864.106333 0
"Oreotragus_oreotragus" NA 0.526436781609195 2700.0653 0
"Ornithorhynchus_anatinus" 34 0.347006651884701 2878.755 1
"Orycteropus_afer" 34.5 0.448115942028986 3624.815 1
"Oryctolagus_cuniculus" 39 0.443592552026287 1515.3536 0
"Oryx_beisa" NA 0.574614065180103 2555 0
"Oryx_dammah" NA 0.570621468926554 3247.0961 0
"Oryx_gazella" 38.9 0.564233163554047 2866.554367 0
"Oryx_leucoryx" 38.5 0.591039632395175 2663.526667 0
"Otocolobus_manul" NA 0.518582046883934 2036.1475 0
"Otolemur_crassicaudatus" 36.6 0.552319309600863 2763.926 1
"Ourebia_ourebi" NA 0.592910234419668 2156.849633 0
"Ovis_ammon" NA 0.607184241019699 2920 0
"Ovis_canadensis" 38 0.626081938834391 2634.501667 0
"Ovis_orientalis" NA 0.590514748409485 2920 0
"Ozotoceros_bezoarticus" 37.5 0.43952802359882 2846.6847 0
"Paguma_larvata" NA 0.42790426152948 3014.413333 0
"Pan_paniscus" NA 0.620445894507885 9125 0
"Pan_troglodytes" 35.7 0.600433134813211 7300 1
"Panthera_leo" 37.9 0.49386845039019 2190 0
"Panthera_onca" 37 0.482300884955752 3581.681317 0
"Panthera_pardus" NA 0.48993288590604 3400.645433 0
"Panthera_tigris" 37.5 0.48914858096828 2920 0
"Panthera_uncia" NA 0.474804031354983 2920 0
"Pantholops_hodgsonii" NA 0.597023468803664 2190 0
"Papio_anubis" 37.3 0.551442569406641 3833.595 0
"Papio_cynocephalus" NA 0.542981501632209 6188.575 0
"Papio_hamadryas" 38 0.545157780195865 5332.504 0
"Papio_papio" NA 0.537710255018991 3650 0
"Papio_ursinus" 37 0.545700378583018 5714.3305 0
"Pardofelis_marmorata" NA 0.502799552071669 1821.16 0
"Pecari_tajacu" 37.5 0.656036446469248 3102.921667 0
"Peponocephala_electra" NA 0.532838378069674 8245.925 0
"Perameles_gunnii" 35.2 0.484098939929329 706.1569 1
"Perodicticus_potto" 36.1 0.547065337763012 3326.9897 1
"Petaurista_alborufus" NA 0.463198671831765 2015.755102 0
"Petaurus_breviceps" 35.9 0.456445993031359 1969.1592 1
"Phacochoerus_africanus" NA 0.633038348082596 2206.301667 0
"Phalanger_vestitus" 36.4 0.700118063754427 2000.363913 1
"Phascogale_tapoatafa" 37.4 0.388646288209607 878.35415 1
"Phascolarctos_cinereus" 35.8 0.584587597832631 2746.4425 1
"Philantomba_maxwellii" NA 0.542168674698795 2287.576667 0
"Philantomba_monticola" 39.4 0.570190641247834 1818.1211 0
"Phoca_largha" NA 0.565662308129619 6935 0
"Phoca_vitulina" 36.7 0.564872521246459 5413.68 1
"Phocarctos_hookeri" NA 0.500848896434635 3650 0
"Phocoena_phocoena" NA 0.489100055897149 3028.845 0
"Pipistrellus_abramus" NA 0.416961130742049 1885.946275 0
"Pipistrellus_coromandra" NA 0.366881217086015 1885.946275 0
"Plecotus_auritus" 34 0.367705382436261 3693.8 1
"Plecotus_macrobullaris" NA 0.351382488479263 2759.4 1
"Pongo_abelii" NA 0.666131621187801 9125 0
"Pongo_pygmaeus" NA 0.662933333333333 7300 0
"Pontoporia_blainvillei" NA 0.541457985531441 4380 0
"Potamochoerus_porcus" NA 0.546189376443418 3134.383667 0
"Potorous_tridactylus" 35.9 0.548723897911833 1685.9516 1
"Presbytis_melalophos" NA 0.419883040935673 3650 0
"Priodontes_maximus" 33.6 0.638888888888889 1979.1637 1
"Prionailurus_bengalensis" NA 0.523209169054441 2350.842867 0
"Prionailurus_planiceps" NA 0.533903133903134 2190 0
"Prionailurus_rubiginosus" NA 0.533869115958668 2153.865 0
"Prionailurus_viverrinus" NA 0.521640091116173 2190 0
"Prionodon_pardicolor" NA 0.433295324971494 1583.31 0
"Procapra_gutturosa" NA 0.551445086705202 1793.275567 0
"Procapra_przewalskii" NA 0.542461005199307 2667.1385 0
"Procavia_capensis" 37 0.641173087981599 3079.14 0
"Procyon_lotor" 38 0.456775700934579 2703.9188 0
"Proechimys_longicaudatus" 37.9 0.395403653506187 631.7859833 0
"Proedromys_liangshanensis" NA 0.571913929784825 589.3882991 0
"Prolemur_simus" NA 0.432681242807825 3285 0
"Propithecus_coquereli" NA 0.543778801843318 3650 0
"Propithecus_diadema" NA 0.526586620926244 3650 0
"Propithecus_edwardsi" NA 0.517084282460137 3650 0
"Propithecus_tattersalli" NA 0.545559400230681 3283.175 0
"Propithecus_verreauxi" 36 0.526918671248568 3650 1
"Przewalskium_albirostris" NA 0.523809523809524 2555 0
"Pseudocheirus_peregrinus" 37.4 0.569035239745812 1217.0925 1
"Pseudois_nayaur" NA 0.623435722411832 2949.321667 0
"Pseudois_schaeferi" NA 0.636156907333712 2555 0
"Pseudomys_chapmani" NA 0.578199052132701 884.68295 0
"Pseudorca_crassidens" 36.6 0.521788990825688 7242.6075 1
"Pseudoryx_nghetinhensis" NA 0.572928821470245 2287.540787 0
"Pteromys_volans" NA 0.433257918552036 1384.121263 0
"Pteronotus_parnellii" 36.4 0.610034207525656 1888.065371 1
"Pteropus_alecto" NA 0.563799887577291 2945.918407 0
"Pteropus_dasymallus" NA 0.570386988222098 1825 0
"Pteropus_scapulatus" 37 0.579006772009029 2945.918407 0
"Pteropus_vampyrus" 36.9 0.572234762979684 2945.918407 0
"Pudu_puda" NA 0.463785046728972 1460 0
"Puma_concolor" 37.6 0.543839541547278 2693.790067 0
"Puma_yagouaroundi" 38.4 0.554655870445344 2250.566667 0
"Pusa_caspica" NA 0.57263990955342 5840 0
"Pusa_hispida" NA 0.586363636363636 6803.8094 0
"Pusa_sibirica" NA 0.580316742081448 7898.81575 0
"Pygathrix_nemaeus" NA 0.443874643874644 4015 0
"Pygathrix_nigripes" NA 0.44636678200692 4015 0
"Rangifer_tarandus" 37.2 0.447787610619469 1825 0
"Raphicerus_campestris" 39.4 0.525114155251142 1744.588433 0
"Rattus_exulans" NA 0.565873476494486 534.7590667 0
"Rattus_fuscipes" 37.5 0.595634692705342 558.5072833 0
"Rattus_leucopus" NA 0.625866050808314 534.7590667 0
"Rattus_lutreolus" 36.7 0.613272311212815 440.2920833 1
"Rattus_niobe" NA 0.609248554913295 534.7590667 0
"Rattus_praetor" NA 0.613126079447323 534.7590667 0
"Rattus_rattus" NA 0.574566473988439 546.1994 0
"Rattus_sordidus" NA 0.605552342394448 534.7590667 0
"Rattus_tanezumi" NA 0.552752293577982 534.7590667 0
"Rattus_tiomanicus" NA 0.587246376811594 534.7590667 0
"Rattus_tunneyi" NA 0.580941446613088 534.7590667 0
"Rattus_villosissimus" 35.9 0.593803786574871 534.7590667 1
"Ratufa_bicolor" NA 0.500843170320405 2327.157917 0
"Redunca_arundinum" NA 0.583768115942029 2293.051667 0
"Rhinoceros_sondaicus" NA 0.611940298507463 5400.53 0
"Rhinoceros_unicornis" 37.4 0.63069821119446 6851.989367 0
"Rhinolophus_formosae" NA 0.59375 2726.53565 0
"Rhinolophus_luctus" NA 0.603333333333333 2726.53565 0
"Rhinolophus_macrotis" NA 0.577741407528642 2937.38135 0
"Rhinolophus_rex" NA 0.549189189189189 2726.53565 0
"Rhinophylla_pumilio" 34.7 0.361585030269675 2064.27635 1
"Rhinopithecus_avunculus" NA 0.418793503480278 3650 0
"Rhinopithecus_bieti" NA 0.432681242807825 4015 0
"Rhinopithecus_brelichi" NA 0.411359724612737 3650 0
"Rhinopithecus_roxellana" NA 0.434027777777778 4745 0
"Rhinopithecus_strykeri" NA 0.417386298215314 2190 0
"Rhizomys_pruinosus" NA 0.398069278818853 2113.949682 0
"Rhizomys_sinensis" NA 0.402714932126697 717.7762436 0
"Rhyncholestes_raphanurus" NA 0.445358401880141 998.6765636 1
"Rousettus_aegyptiacus" 34.8 0.558011049723757 1825 1
"Rucervus_duvaucelii" NA 0.510180337405468 2920 0
"Rucervus_eldii" NA 0.531177829099307 1825 0
"Rupicapra_pyrenaica" NA 0.592298980747452 2437.9015 0
"Rusa_alfredi" NA 0.521613832853026 2555.9125 0
"Rusa_timorensis" NA 0.540603248259861 1825 0
"Saguinus_oedipus" NA 0.485714285714286 2190 0
"Saiga_tatarica" NA 0.509259259259259 1700.19755 0
"Saimiri_boliviensis" NA 0.514124293785311 3354.65875 0
"Saimiri_sciureus" 38 0.515254237288135 3789.3175 0
"Sarcophilus_harrisii" 35.8 0.375071143995447 1704.2151 1
"Scapanulus_oweni" NA 0.470997679814385 759.1857214 0
"Sciurus_vulgaris" NA 0.352112676056338 1612.7525 0
"Semnopithecus_entellus" NA 0.397701149425287 3806.439 0
"Sicista_concolor" 36 0.383288409703504 731.7872 1
"Simias_concolor" NA 0.487385321100917 4024.409658 0
"Sminthopsis_crassicaudata" 35.2 0.346916299559471 594.4425 1
"Sminthopsis_douglasi" 33.3 0.36378646119978 546.0264667 1
"Sorex_araneus" 37.35 0.472 524.7815 0
"Sorex_cylindricauda" NA 0.435428571428571 422.8845979 0
"Sorex_tundrensis" NA 0.474344355758267 422.8845979 0
"Sorex_unguiculatus" NA 0.466893039049236 392.4667 0
"Sousa_chinensis" NA 0.515046296296296 7300 0
"Spalacopus_cyanus" 36.5 0.45304193738925 1310.04695 1
"Spermophilus_dauricus" 37.5 0.353967360720315 1053.682907 1
"Spilogale_putorius" 36.4 0.4518779342723 1257.256817 1
"Stenella_attenuata" NA 0.51004016064257 8395 0
"Stenella_coeruleoalba" NA 0.506058857472591 7926.62525 0
"Sturnira_tildae" 36.4 0.62609649122807 2064.27635 1
"Stylodipus_telum" NA 0.456342668863262 726.1971375 0
"Suncus_murinus" 38.7 0.315637622619735 363.52745 0
"Sus_barbatus" NA 0.64692082111437 2555 0
"Sus_cebifrons" NA 0.677040516735173 2555 0
"Sus_celebensis" NA 0.666080843585237 2086.55 0
"Sus_scrofa" 39 0.648364485981308 2656.07 0
"Sus_verrucosus" NA 0.653710247349823 2190 0
"Sylvicapra_grimmia" NA 0.608045977011494 1986.497967 0
"Symphalangus_syndactylus" NA 0.610561056105611 4745 0
"Syncerus_caffer" NA 0.581661891117478 4169.76 0
"Tachyglossus_aculeatus" 30.7 0.438769906644701 5687.0204 1
"Talpa_europaea" NA 0.504916136495084 1000.1 0
"Tamandua_mexicana" 32 0.624335499113999 1854.65 1
"Tamandua_tetradactyla" 33.5 0.612220916568743 1854.65 1
"Tamias_sibiricus" 38.2 0.442467378410439 1311.5224 1
"Tamiops_maritimus" NA 0.498597868760516 1239.298869 0
"Tamiops_swinhoei" NA 0.511484593837535 1239.298869 0
"Tapirus_indicus" 36.8 0.570159857904085 4015 1
"Tarsipes_rostratus" 36.6 0.411021814006889 341.275 1
"Tarsius_bancanus" 36 0.543216943331425 2190 1
"Tarsius_dentatus" 36 0.484168105929764 2190 1
"Tarsius_lariang" 36 0.478460654796094 2190 1
"Tarsius_wallacei" 36 0.487650775416427 2190 1
"Taxidea_taxus" 38 0.615786419036564 3030.662667 1
"Theropithecus_gelada" NA 0.609220636663008 4456.1902 0
"Thryonomys_swinderianus" NA 0.497307001795332 837.31 0
"Thylamys_elegans" NA 0.315366972477064 642.840025 1
"Tlacuatzin_canescens" NA 0.518311607697083 642.840025 1
"Tolypeutes_matacus" 33 0.715451895043732 4287.958 1
"Tolypeutes_tricinctus" NA 0.698912421293646 1095 0
"Tonatia_saurophila" 37 0.570135746606335 2064.27635 0
"Trachypithecus_cristatus" NA 0.465675057208238 3650 0
"Trachypithecus_francoisi" NA 0.474701534963047 4015 0
"Trachypithecus_germaini" NA 0.445397369925672 4015 0
"Trachypithecus_hatinhensis" NA 0.459335624284078 4015 0
"Trachypithecus_johnii" NA 0.405805350028458 4015 0
"Trachypithecus_obscurus" NA 0.448587570621469 3650 0
"Trachypithecus_pileatus" NA 0.460750853242321 4015 0
"Trachypithecus_shortridgei" NA 0.463079564968517 4015 0
"Trachypithecus_vetulus" NA 0.447963800904977 4015 0
"Tragelaphus_imberbis" 38.9 0.511864406779661 2555 0
"Tragelaphus_scriptus" 38.9 0.601156069364162 1914.548167 0
"Tragelaphus_spekii" 38.9 0.608115942028986 2746.500967 0
"Tragulus_kanchil" 38.4 0.559169938306225 1825 0
"Trichechus_manatus" NA 0.43218012081274 7300 0
"Trichosurus_vulpecula" 36 0.630017452006981 2008.23 1
"Trinomys_dimidiatus" 37.6 0.450319581638582 739.0095889 0
"Tscherskia_triton" NA 0.402261712439418 589.3882991 0
"Tupaia_belangeri" 38.8 0.507554560716284 1458.084583 0
"Tursiops_aduncus" NA 0.474956822107081 6427.88 0
"Tursiops_truncatus" NA 0.494239631336405 6427.88 0
"Urocyon_cinereoargenteus" NA 0.418565869927738 1955.5492 0
"Uropsilus_soricipes" NA 0.398478642480983 759.1857214 0
"Urotrichus_talpoides" NA 0.55842630651791 680.5528 0
"Ursus_americanus" NA 0.394444444444444 4734.076867 1
"Ursus_arctos" 37.3 0.400662251655629 5976.266667 1
"Ursus_maritimus" 36.8 0.396580253723111 5475 1
"Ursus_thibetanus" 37.5 0.397018221976808 3650 1
"Vampyrum_spectrum" NA 0.604590505998957 2064.27635 0
"Vespertilio_sinensis" NA 0.430401863715783 1599.6536 0
"Vicugna_vicugna" 39.9 0.430508474576271 3674.846867 0
"Viverricula_indica" NA 0.445922498554078 1658.835 0
"Vombatus_ursinus" NA 0.595036661026509 3542.014 1
"Vulpes_corsac" NA 0.38195991091314 2173.37545 0
"Vulpes_ferrilata" NA 0.380077907623817 1427.3028 0
"Vulpes_vulpes" 38.7 0.388300835654596 2105.3972 0
"Vulpes_zerda" 38.8 0.42014468558709 1878.788155 0
"Wiedomys_cerradensis" NA 0.428076256499133 589.3882991 0
"Zalophus_californianus" 38.1 0.565616045845272 5306.69155 0
"Ziphius_cavirostris" NA 0.5 6460.5 0
