"Species" "A_T" "A_G" "A_C" "T_A" "T_G" "T_C" "G_A" "G_T" "G_C" "C_A" "C_T" "C_G" "Temperature" "Tm" "AGdivTC"
"Hippoglossus_hippoglossus" 0 0.213046225966873 0.0292556423927881 0 0 0.0363509009551646 0.638760990180533 0 0 0.0266652990559266 0.0559209414487147 0 9 5.9 0.170624477341443
"Sprattus_sprattus" 0.045907352747453 0.183629410989812 0.045907352747453 0.0429063420554817 0 0.0429063420554817 0.468657694100753 0 0.0426052449182502 0.0637401301926578 0.0637401301926578 0 9 2 0.233657243816254
"Salvelinus_malma" 0 0.168539032668792 0 0.0448346552924747 0.0224173276462373 0.0448346552924747 0.501953205991836 0.0717076008559766 0.0717076008559766 0.0317168234555281 0.0317168234555281 0.010572274485176 NA 4 0.266019417475728
"Catostomus_platyrhynchus" 0 0.211827350769849 0 0 0 0.0607501538105955 0.529686305633746 0.0190610865071491 0.0714383245431556 0.0107236778735504 0.0587988055486041 0.0377142953133495 12 NA 0.28679088696436
"Alburnus_alburnus" 0.0113305211792492 0.169957817688737 0.0113305211792492 0.0300488483976709 0 0.0600976967953419 0.58156078898877 0 0.06841891635162 0 0.0672548894193618 0 NA 2 0.353603603603605
"Trachurus_trachurus" 0 0.038511412522798 0 0 0 0.0143551982830034 0.659022130349991 0.146449362299998 0.073224681149999 0.0128319778864146 0.0556052375077966 0 14.4 2.5 0.372751798561151
"Coregonus_oxyrinchus" 0.00949042556789801 0.196785903990484 0 0 0.0162877390005164 0.0790591312650727 0.628796175889193 0.0289138932644827 0 0.0259587973458244 0.0147079336765296 0 NA 3 0.40175200388792
"Oncorhynchus_mykiss" 0.0615894912273845 0.0709966428242811 0.0194956868051458 0.048429893054357 0.0117359785788091 0.0334914536660478 0.367911078788181 0.0650381255158302 0.195081846986878 0.043087531607036 0.0260117431469842 0.0571305277990648 15 NA 0.471732920512033
"Clupea_harengus" 0.00543749383511759 0.210918097856335 0.0041580886595611 0.0100277693505831 0.00252712259973892 0.10392136695807 0.524862802843851 0.0124632350033334 0.0461891947534086 0.0143625358138393 0.0476568168306013 0.0174754754955603 9 3 0.492709577861143
"Gadus_morhua" 0 0.0908310181376413 0.00448680358904766 0.0100912677931531 0.0070256207864098 0.0467928973713208 0.686096985009121 0.0221525058893517 0.0443200208019445 0.00509932084868359 0.0768465728453593 0.00625698692796719 5.5 6.23 0.515164294430928
"Engraulis_encrasicolus" 0.0237896994432747 0.166527896102923 0 0.0146910811421928 0 0.0881464868531566 0.483944163674763 0 0.0744529482576559 0 0.111335793394525 0.0371119311315085 14.15 1 0.52931964503219
"Rhodeus_amarus" 0 0.131774975032701 0.0109812479193917 0 0.0235025489006494 0.0705076467019481 0.532518279038398 0.0380370199313141 0.0760740398626283 0.0291510606532424 0.0728776516331061 0.0145755303266212 NA 2 0.535060975609755
"Trachidermus_fasciatus" 0.00694916897273373 0.208475069182012 0 0 0 0.111607865319663 0.535802465386617 0.0214320986154647 0.0428641972309294 0.0104098764703686 0.0572543205870271 0.00520493823518428 NA 1 0.535353535353535
"Thunnus_orientalis" 0.0318451363804316 0.261668463814553 0.0676709148084171 0.00569554005759677 0.21073498213108 0.142685057442636 0.0320498342267704 0.00534163903779507 0.0160249171133852 0 0.0612609642877923 0.165022550699541 NA 4 0.545289468064284
"Etheostoma_caeruleum" 0.00927741602142303 0.162354780374903 0 0.00355073306083079 0.0177536653041539 0.0958697926424313 0.512161414744415 0.0276844007969954 0.0830532023909863 0.00882945946638609 0.0735788288865507 0.00588630631092406 12 NA 0.590495656617272
"Squalius_pyrenaicus" 0 0.168826694890037 0.00527583421531367 0 0 0.102209050636983 0.626749664653189 0 0 0.0138483936577824 0.0761661651178033 0.00692419682889121 15.85 3 0.605408112168253
"Hippoglossoides_robustus" 0 0.0543220084721941 0 0.061706375054532 0 0.0329915376241502 0.761753697875978 0 0 0.025278238318504 0.0386699043361381 0.025278238318504 1 NA 0.607332802155827
"Boops_boops" 0 0.115189327901319 0.0143986659876649 0 0.0236654245459177 0.0709962736377531 0.478459200966583 0 0.136702628847595 0.0229412111590239 0.126176661374631 0.0114706055795119 19 2 0.61634419551935
"Gobio_gobio" 0.017696992059442 0.102642553944764 0.0106181952356652 0.0135613509043323 0.00678067545216613 0.0678067545216613 0.537180177488272 0.0116778299453972 0.0934226395631778 0.0410704684104065 0.082140936820813 0.0154014256539024 NA 2.5 0.660610554937582
"Pseudopleuronectes_yokohamae" 0 0.114075777820428 0.00816518520796822 0.0283534183597796 0 0.0802696647200766 0.449264216683764 0.0261908695018303 0.187355521665462 0.0295757182198115 0.05756222086566 0.01918740695522 15 NA 0.703652135919974
"Oncorhynchus_nerka" 0.0226229302615418 0.141811213265639 0.0594548417917143 0.0199536505943693 0 0.10071661729388 0.529335674092185 0.0367073796940338 0 0.0379463991676437 0.0514512938389925 0 NA 2 0.710216173845286
"Neosalanx_taihuensis" 0.0383935732834981 0.153574293133992 0 0.0563876320396371 0 0.112775264079274 0.570373660713696 0 0 0 0.0342477883749513 0.0342477883749513 NA 1 0.73433685923515
"Aphanius_iberus" 0.0165936736885031 0.116155715819521 0 0.0179589759540128 0 0.089794879770064 0.61909488016015 0 0.116080290030028 0.0243215845777202 0 0 16.5 NA 0.773056057866187
"Reinhardtius_hippoglossoides" 0.00688648912483827 0.111825046907333 0 0.0205429458695919 0.0217405721188443 0.0896536183080835 0.594982243444722 0 0.0841868686700276 0.0166821221704003 0.0388438302128815 0.0146562631732773 2 9.3 0.801731103966158
"Rhabdosargus_sarba" 0 0.0352234579295531 0.0176117289647766 0 0.00584858914435776 0.0292429457217888 0.512755412447127 0.151495917313924 0.0699211926064264 0.00790670026097986 0.162087355350087 0.00790670026097986 NA 2.05 0.830212234706617
"Cetorhinus_maximus" 0.0561784815191834 0.0352156748674318 0.0307005634835079 0.0746578299180669 0 0.029900644834038 0.402504968876178 0.104265405379451 0.0391425347584023 0.0580508954249522 0.162487159796565 0.00689584114222361 10 18 0.849072038136368
"Serranus_cabrilla" 0.0227595753308515 0.159317027315961 0.0682787259925546 0.0456766563733352 0 0.137029969120006 0.306989620741718 0.0511649367902864 0.0511649367902864 0.0591069568293756 0.098511594715626 0 16 NA 0.860108749382106
"Phoxinus_phoxinus" 0.00904013013014488 0.0987689015442357 0.0203524488906046 0.0141194044893882 0.00987907192789751 0.092095484693981 0.508108299026981 0.0399429311989692 0.069913159409631 0.0319904755672908 0.0910718480740422 0.0147178450468342 9 1 0.932434027857788
"Tribolodon_brandtii" 0.0184199545416611 0.101309749979136 0.00920997727083057 0.049119878777763 0 0.0982397575555261 0.626783110705291 0 0.0272514395958822 0.0232220438579697 0.0348330657869545 0.0116110219289848 NA 3 0.969696969696972
"Xiphias_gladius" 0.00236092876780551 0.128887330650499 0.00745148036830428 0.00937716563827527 0.00468858281913764 0.126679365270804 0.643479707968068 0.00895927021309127 0.00895927021309127 0.0190929897163627 0.0369575141862983 0.00310639418826278 19 NA 0.982869027013351
"Squalius_cephalus" 0 0.0863736344410279 0.0136379422801623 0.0123066193432893 0 0.0861463354030252 0.71164364028586 0 0.0374549284360979 0.0149819713744392 0.0374549284360979 0 3.7 4 0.997368421052632
"Coryphaena_hippurus" 0.012279219099152 0.0941406797601653 0.00409307303305067 0.0177142832905799 0.00442857082264498 0.0974285580981896 0.586353520507776 0 0.0338280877216025 0.0128343435143005 0.119787206133471 0.0171124580190673 26.5 NA 1.03492516037063
"Gadus_chalcogrammus" 0.0140439334910903 0.0846559533950596 0.00957256037176968 0.00538276555118963 0 0.0890792795816896 0.664157640636703 0.0185496954861485 0 0.017044603574663 0.0865100064608243 0.0110035614508629 3.5 4 1.05225062159525
"Coregonus_clupeaformis" 0 0.169493036784947 0 0 0 0.18317396286408 0.628022620543789 0 0 0.019310379807184 0 0 5 NA 1.08071674411316
"Oncorhynchus_keta" 0 0.106435092894297 0.013948699306477 0.0459322948041277 0 0.115511980194934 0.44675313728926 0.0909951589775414 0.0909951589775414 0.0360972729656434 0.0240648486437623 0.0292663559464155 7.5 NA 1.08528096376682
"Cleisthenes_herzensteini" 0.0310082292289679 0.0620164584579359 0.0544641282208479 0.0360872457966807 0 0.0683194840741605 0.422185797073466 0 0.204137509090706 0.0304452870143088 0.0608905740286176 0.0304452870143088 16 NA 1.1016347236355
"Ladislavia_taczanowskii" 0 0.113600057182581 0 0 0 0.125346847458712 0.600259108764898 0 0.0285837670840428 0.0132210219509766 0.105768175607812 0.0132210219509766 NA 3 1.10340479192938
"Perca_fluviatilis" 0.0251621534907392 0.0754864604722175 0 0.0292309272466885 0 0.0876927817400655 0.358396586242007 0 0.238931057494671 0.020566670368179 0.123400022209074 0.0411333407363581 9 2 1.16170212765958
"Platichthys_stellatus" 0.0673084198914417 0.0576398930152686 0.0128294911279358 0.0230436038992125 0.0212822607571527 0.0673694685555777 0.483622650263018 0.0568891201008504 0.0426776949766028 0.0475274330421258 0.103967486690105 0.0158424776807086 18 NA 1.16879933378315
"Coregonus_lavaretus" 0.00685971723107744 0.0759427980440352 0.0105664954077876 0.0397333372289221 0.00649855017055868 0.0888430554836456 0.556152787727362 0.046547714446984 0.057803820517145 0.030272072082534 0.0657297563751689 0.0150498952847792 8.5 2 1.16986808192306
"Sardinella_maderensis" 0 0.175603415864238 0 0 0 0.206340695657826 0.585778308228605 0 0 0 0.0322775802493313 0 26.6 3 1.17503805175038
"Zeus_faber" 0.0113013474263502 0.0904107794108013 0.0678080845581009 0 0.0357876001834422 0.107362800550327 0.252069183900767 0.0840230613002555 0.0840230613002555 0.0763468803913433 0.190867200978358 0 11 4 1.1875
"Salmo_trutta" 0 0.0816401449640177 0.00782769497313612 0.012017887406881 0 0.0976172392378985 0.696964712903817 0 0.0287393391462866 0.0107252847676934 0.0608165733876949 0.00365112321257515 9.15 2 1.19570144419663
"Lepidorhombus_whiffiagonis" 0.0448851876918852 0.157098156921598 0.0224425938459426 0 0 0.188721811886335 0.431156754848012 0 0 0 0.155695494806227 0 9 2.5 1.2012987012987
"Scomber_colias" 0 0.0772986963710532 0.00858463319337342 0.00886562005861928 0.0177312401172386 0.09550913516722 0.636416355774512 0.0681866990812208 0 0.0137444258476582 0.059918768541446 0.0137444258476582 NA 1.05 1.23558532874542
"Culter_alburnus" 0.00540620336510155 0.0818638322515004 0.00299540477706063 0.0228139049681169 0 0.101878634452466 0.712918207314329 0 0 0.00984044982811077 0.0622833630433154 0 NA 4 1.24448894768909
"Hippoglossus_stenolepis" 0.0141956195843934 0.112473353362599 0 0.0228218565027565 0 0.144918362489388 0.487242792549111 0.133986383338764 0 0 0.0843616321729882 0 3.5 13 1.28846840746528
"Campostoma_anomalum" 0.00772884461238122 0.109491965342067 0.00644070384365101 0.0291570523894007 0.0116628209557603 0.145785261947004 0.490073696699023 0.0136131582416395 0.0726035106220775 0.0259298252221705 0.0648245630554263 0.0226885970693992 12 NA 1.331469952992
"Scaphirhynchus_platorynchus" 0.0245464290135377 0.0850571016207993 0 0 0 0.113798500534265 0.63921515221177 0 0.118824941947556 0 0 0.0185578746720712 21 NA 1.33790710435444
"Perca_flavescens" 0 0.0350598073831306 0 0.023526170922886 0.023526170922886 0.0470523418457721 0.608142673931445 0.101357112321908 0 0.0179261914079969 0.107557148447982 0.0358523828159939 NA 3 1.34205933682373
"Micropterus_dolomieu" 0.0270296262788082 0.136933413291647 0 0 0.0271915330678836 0.186169780789206 0.33851178442789 0 0.0846279461069724 0.0847898470697351 0.0864827866112798 0.0282632823565784 9.3 NA 1.35956430438708
"Sardina_pilchardus" 0 0.113100467107262 0.0565502335536311 0 0 0.156857369135646 0.441808025203962 0.0631154321719946 0.126230864343989 0 0.042337608483515 0 19 2 1.38688524590165
"Auxis_rochei" 0.00599315793814163 0.107981950553717 0.00241688031987851 0.0413977555382496 0 0.158010822622303 0.522302786356084 0.00939503747865811 0.016341101854546 0.00939307262751379 0.124070727364976 0.00269670734593295 19 NA 1.46330772700479
"Pomatomus_saltatrix" 0 0.0917914676132823 0.0229478669033206 0 0 0.138409337091706 0.565501005831828 0.113100201166366 0 0 0.0455000809289977 0.0227500404644988 24 2.15 1.50786713286713
"Anguilla_anguilla" 0.00398904225776802 0.0506120787501872 0.00378146382430185 0.0374902688856292 0 0.0777334042769625 0.644988191316066 0.054737056676128 0.041313903274462 0.0446388490730011 0.0407157416654942 0 15 11 1.53586665864174
"Sebastiscus_marmoratus" 0 0.0564738975551909 0.0112947795110382 0.0435849599750272 0 0.0869834790397496 0.747405509192369 0 0 0.0274103714290539 0.0268470032975715 0 22 NA 1.54024217922523
"Tropheus_moorii" 0.0183999266433798 0.0735997065735194 0.0183999266433798 0.019094263497847 0 0.114565580987082 0.7105503586752 0 0 0.0113475592448979 0.0340426777346936 0 26 NA 1.5566037735849
"Lithognathus_mormyrus" 0.0112034147660925 0.0784239033626474 0.022406829532185 0.0407396900585181 0 0.122219070175554 0.647908323822216 0 0 0.0192746920706967 0.0481867301767419 0.00963734603534837 20 2 1.55844155844155
"Channa_striata" 0 0.0569228497489239 0.0189742832496413 0 0.0298453842235373 0.0895361526706118 0.622802944311756 0 0 0.054575515738659 0.109151031477318 0.018191838579553 NA 1.75 1.57293868921776
"Hucho_taimen" 0.0467739830410282 0.11884742449199 0 0.0625367398727175 0 0.195202136763397 0.460397549652363 0 0 0 0.100022061876441 0.0162201043020633 13 NA 1.64245996577362
"Micropterus_salmoides" 0.0256928734557782 0.0822176309274211 0.0256928734557782 0.0278840716936455 0.0464734528227425 0.137219985911897 0.386252070891338 0.0429759661670104 0.0859519323340207 0.0421965623099115 0.0718277927497463 0.0256147872807109 11.25 NA 1.66898491678786
"Anarhichas_lupus" 0.0285137263901618 0.0901177498412072 0 0 0 0.151507989112268 0.627228160957615 0 0.080776588167801 0 0.0218557855309469 0 4 NA 1.68122250476997
"Micromesistius_poutassou" 0.00663310777096789 0.106129724335486 0.059697969938711 0.0501045787191764 0.0286311878395294 0.178944923997059 0.371118181616178 0.0463897727020223 0.0231948863510111 0.0581200500284367 0.0710356167014226 0 14 2 1.68609619140626
"Scombrops_boops" 0.00403967755897916 0.0888729062975416 0.00807935511795833 0.0136060909690044 0 0.156470046143551 0.628869691885703 0.0196521778714282 0.0196521778714282 0.0151894690711017 0.0394926195848644 0.00607578762844068 12 NA 1.76060458313018
"Lota_lota" 0.00846536757065356 0.0320420482500218 0.00965944233594977 0.00675814957908712 0 0.0568950178979818 0.675962511180767 0 0.119761813445149 0.0218996532936772 0.055136924312959 0.0134190721337538 3.1 5 1.77563610959056
"Oryzias_latipes" 0.0258811010263922 0.0830188661028188 0.0234441538063497 0.0401718377500955 0.0115396385395226 0.149279772009895 0.40240765652024 0.0393715598051321 0.0698265073700748 0.0324823748578288 0.106618697665088 0.0159578345465617 26.5 NA 1.79814274775823
"Solea_solea" 0.00477569397696065 0.0668597156774491 0.00477569397696065 0.0242738657144292 0.00910269964291096 0.12440356178645 0.559624304511746 0.0771895592429995 0.0771895592429995 0.0296030549869109 0.0185019093668193 0.00370038187336386 16.4 2.5 1.86066543247969
"Danio_rerio" 0.00660628987142505 0.0555554861080244 0.00264411844135268 0.0146496847076744 0.0036624211769186 0.104363661369785 0.612754308989218 0.0149867173313172 0.0374667933282931 0.0305473691286247 0.105307886124132 0.0114552634232343 25 0.2 1.87854825294582
"Squalidus_chankaensis" 0.00772349412660355 0.0772349412660355 0.0154469882532071 0.0485241390994079 0 0.145572417298224 0.515881633466644 0 0.0468983303151494 0.0118931713478941 0.130824884826835 0 NA 2 1.8848
"Esox_lucius" 0.0177784823622598 0.0325388283191474 0.0248898753071637 0.0606072304062347 0.0202024101354116 0.0646383451598691 0.529674362345396 0.0278202918225178 0.128137284716218 0.0349295515363008 0.0550484547280034 0.00373488316147857 9 3 1.98649885379655
"Hippocampus_erectus" 0 0.00660562778920667 0 0 0 0.0133161068131627 0.576753876345108 0 0.209728682307312 0 0.179767441977696 0.0138282647675151 25.5 NA 2.01587301587302
"Seriola_dumerili" 0.0340273877592628 0.0884712081740834 0.0408328653111154 0.0570219400444917 0.0427664550333688 0.185321305144598 0.243700910428244 0.0731102731284733 0.0487401820856489 0.0653539769616019 0.100544579940926 0.0201089159881852 26 4 2.09470752089136
"Paralichthys_olivaceus" 0.00935942274316554 0.0655159592021588 0.0187188454863311 0.0124906061039146 0 0.137396667143061 0.524844674538771 0 0.112466715972594 0.0132452343122227 0.105961874497781 0 15 NA 2.09714806615445
"Katsuwonus_pelamis" 0.00929233856752929 0.0637862063461949 0.00820336891373718 0.0152149312632713 0.00294197540733077 0.136466441843969 0.646797008186898 0.00455237754556318 0.0346080981167898 0.0162351291929891 0.0587959591508317 0.00310616546489539 25 3 2.13943499168625
"Thunnus_alalunga" 0.00995931433034798 0.0616425654841131 0.00500834314888551 0.0170961171279134 0 0.131989528718452 0.613006380512847 0.0320802724513129 0.0428087379420099 0.0113713373983754 0.075037402885743 0 14 5.25 2.14120758410792
"Lutjanus_argentimaculatus" 0.0162945457259716 0.0681177047952308 0.0162945457259716 0.0238660489483356 0.00618357119857384 0.147137593161644 0.593075896577013 0.0182696421776045 0.036539284355209 0.0190473143741071 0.0527955563455032 0.00237829661483609 27 4.5 2.16004919138065
"Trachurus_novaezelandiae" 0 0.062563903567366 0 0 0 0.136545428269931 0.662574352237526 0 0.110429058706254 0 0.0185915048126148 0.00929575240630742 12 NA 2.18249534450652
"Anabas_testudineus" 0 0.067278846594203 0 0.0066894218653644 0.0216776003141622 0.147719865403963 0.501890962266681 0.0510828578809645 0.0751346840642861 0.0264324335053244 0.0908175133219619 0.0112758147830891 26 NA 2.19563611568649
"Sander_vitreus" 0.00529703136825876 0.0560926711894233 0.0105940627365175 0.0373071010357775 0 0.123835679522754 0.603598625769237 0.0473880575483457 0 0.0142724194660985 0.0853351624978906 0.0162791888656981 NA 5 2.20769802715518
"Acipenser_gueldenstaedtii" 0.0133431299618545 0.0800587797711268 0 0.0443783989577351 0 0.17751359583094 0.524538125385689 0 0.0749340179122413 0 0.0511403713082478 0.0340935808721652 13.6 NA 2.21729079981507
"Epinephelus_fuscoguttatus" 0.00464382661696141 0.0712580809258085 0.00413925931275237 0.0167815813575276 0 0.161763804408432 0.624928425344993 0 0 0.0125195312983626 0.103965490735162 0 29 NA 2.2701117165484
"Sarcocheilichthys_sinensis" 0 0.0763570999203851 0 0 0 0.173437774540361 0.632085954226722 0 0 0 0.107285410420483 0.0108337608920486 NA 3 2.27140337599514
"Beryx_splendens" 0.00806062124783404 0.0403031062391702 0 0.023054212066344 0 0.0922168482653759 0.585455648526893 0 0.234182259410757 0.00836365212181276 0.00836365212181276 0 18 5.9 2.2880829015544
"Pungitius_pungitius" 0.0170878286627948 0.0751864461162972 0.0273405258604717 0.0511138758146845 0.00638923447683556 0.17250933087456 0.372499662365465 0.0588157361629682 0.0392104907753122 0.0513848196830315 0.117451016418358 0.011011032789221 10 NA 2.29442060085837
"Hypophthalmichthys_nobilis" 0.0032511015762692 0.062552090138481 0.00844971573519271 0.0399986584728296 0 0.147172400099048 0.612336303638998 0 0 0.0148032569429245 0.111436473396257 0 20 NA 2.35279748083925
"Plagioscion_squamosissimus" 0 0.0752970837728867 0.00941213547161084 0 0.0209585420252196 0.178147607214367 0.554880096328069 0.0396342925948621 0.0396342925948621 0.00683632916651024 0.0546906333320819 0.0205089874995307 22.1 1.25 2.36592970521543
"Auxis_thazard" 0 0.0651320138244462 0 0.051612386884551 0.0258061934422755 0.154837160653653 0.558546733187202 0.0620607481319114 0 0.0117149662679943 0.0702897976079659 0 27 2.5 2.37728194726166
"Pseudorasbora_parva" 0.00680962123707694 0.0435815759172924 0.0122573182267385 0.024896218805957 0.00622405470148925 0.108920957276062 0.515378214622465 0.0266574938597827 0.106629975439131 0.0257269447928087 0.117200526278351 0.00571709884284639 NA 1 2.4992432004471
"Larimichthys_polyactis" 0.00155774841033226 0.0763296721062808 0.00934649046199357 0.00347495812714438 0 0.194597655120085 0.579297770889243 0.00742689449858004 0.0519882614900603 0.0137187102173839 0.0569854116722099 0.00527642700668611 22 NA 2.54943653955606
"Hemiculter_leucisculus" 0 0.0619711912338723 0 0 0.0133511463467092 0.160213756160511 0.65554834972202 0.0226051155076559 0 0.0143850735048719 0.0719253675243596 0 NA 2 2.58529411764706
"Helicolenus_dactylopterus" 0.0132729215746293 0.0265458431492586 0.0132729215746293 0 0 0.0692570775441962 0.771093539097513 0 0 0 0.106557697059774 0 17.5 13 2.60896130346233
"Spicara_maena" 0.0196581094348901 0.0589743283046703 0.00655270314496337 0.045047057552494 0.00750784292541566 0.157664701433729 0.373283201628812 0.0746566403257625 0.124427733876271 0.0264455362745984 0.0925593769610945 0.0132227681372992 19 2 2.67344632768362
"Carassius_gibelio" 0.00359310633250731 0.0580263890459917 0.0098256500246854 0 0.00383252675587176 0.156687368157975 0.649101824509261 0.00851509788922029 0.0105701087926943 0.0287812013850435 0.0686435017989335 0.00242322530781621 10 NA 2.70027776558325
"Thunnus_thynnus" 0.0144545315142904 0.0932111626398341 0.0129105670754293 0.0160532115029893 0.00962650391235615 0.253679639069177 0.423225145149871 0 0 0.0150513596917315 0.155974639281143 0.00581324016317828 15.5 3 2.72155857608374
"Scombrops_gilberti" 0 0.0717732303628762 0.0358866151814381 0 0 0.196645947967668 0.565812299360674 0 0 0.0354223383074573 0.0944595688198861 0 12 NA 2.73982300884956
"Plotosus_lineatus" 0.0214743502729625 0.0398809362212162 0.0337454075717983 0.20247244543079 0 0.110439515689522 0.352747109814293 0.0293955924845244 0.0587911849690489 0.0871462255072184 0.0639072320386268 0 18.85 NA 2.76923076923077
"Mylopharyngodon_piceus" 0.00476902175778715 0.0446276767280149 0.0106974155485029 0.0154865209646649 0 0.12410717431125 0.527703764277843 0 0.128195734937772 0.0434144675980208 0.0798158878971264 0.0211823359790182 NA 3 2.78094634116013
"Siganus_argenteus" 0.011743466574561 0.0352303997236831 0 0.0245733331406013 0 0.0982933325624052 0.66937759474998 0 0.11156293245833 0 0.0492189407904397 0 28 NA 2.79001468428781
"Hippocampus_reidi" 0 0.0179074927408892 0.00895374637044462 0.0173105763161929 0 0.0519317289485788 0.719054708518784 0 0 0.0264059638721587 0.158435783232952 0 28.5 NA 2.90000000000001
"Carcharodon_carcharias" 0.0604476722545492 0.0469509232049427 0.0647161853488674 0.134626141194096 0.0167469215526881 0.14196009810819 0.275505195587215 0.0416920927803175 0.0416920927803175 0.0665071081923777 0.104724887388798 0.00443068160764032 18 9 3.02358480766243
"Etheostoma_tetrazonum" 0 0.0397685357343371 0.00994213393358428 0.0372638336122516 0.0124212778707505 0.124212778707505 0.468916342234621 0 0.122326002322075 0.108003639091177 0.0617163651949585 0.0154290912987396 NA 1.5 3.12339331619536
"Poecilia_reticulata" 0.00300799387961944 0.0241263881458752 0.00758167708034167 0.0088456857403551 0.00312173978673031 0.0755574750562475 0.687116479218012 0.0625452997978533 0.0312726498989266 0.04936519926466 0.0474594121313794 0 25 NA 3.13173586528596
"Pimephales_promelas" 0.00946911658345245 0.0271706483932088 0.00946911658345245 0 0 0.0868100377464336 0.649538231529199 0 0.104252373745269 0.0486678312727486 0.0646226441462369 0 NA 2 3.19499323277583
"Rastrelliger_kanagurta" 0.0124255548101537 0.037839724724806 0.00511681606830713 0.0189911443931919 0.00539864091611221 0.122752738347336 0.632348979809088 0.0246164864493278 0.0529781119288029 0.00652690128511726 0.073728276111334 0.00727662515642328 28 0.56 3.24401774167413
"Siganus_canaliculatus" 0.0176954387651117 0.0648832754720763 0.00589847958837058 0.0168527988239159 0 0.219086384710907 0.441007819691258 0.0441007819691258 0.0882015639382516 0 0.0909097395919848 0.0113637174489981 28.25 1.5 3.37662337662338
"Galeocerdo_cuvier" 0.0227340544275378 0.0230960169462362 0.0568351360688445 0.0483842571978749 0.016128085732625 0.0816397262838886 0.519172691672838 0 0 0.0183360974698296 0.213673934200326 0 22 9 3.53479677790039
"Lepisosteus_osseus" 0.00660201909283467 0.0528161527426774 0.0264080763713387 0.0468743355591262 0 0.187497342236505 0.497152043808914 0.0355108602720653 0 0.0105099407083242 0.115609347791567 0.0210198814166485 NA 6 3.55
"Megalobrama_terminalis" 0.00183865571670156 0.0439827932909957 0.00421601998454304 0.0155417881988908 0.00277738281076319 0.156814622178635 0.60505879985992 0.0135353103058268 0.0338014259102699 0.0115328519035099 0.10758202471145 0.0033183251284939 NA 6 3.5653629623096
"Salmo_salar" 0.0181688862877021 0.0424504122498897 0.0386974285474482 0.0333358136221993 0.00916828806639475 0.151382450513975 0.429378074450931 0.0436017788133351 0.0895520575885069 0.0414010629348149 0.0952541570780118 0.00760958984679197 10.5 4.8 3.56610083367019
"Parabramis_pekinensis" 0.00608882366880427 0.071684353439812 0.00621457697886953 0.019029339867722 0 0.25914543785982 0.456621816734285 0.0272964389228693 0.0176287749988472 0.0130572941954373 0.118061942197749 0.00517120113578404 NA 6 3.61509067773632
"Siganus_fuscescens" 0 0.0554988816607922 0 0 0 0.210422603163211 0.579831173160848 0.11596623463217 0 0.00765622147659571 0.0306248859063828 0 28 NA 3.79147465437788
"Carassius_auratus" 0.00501651434124632 0.0412121147115581 0.0109148085283882 0.0270012378813883 0.00581648588942933 0.158289283587648 0.595053467061247 0.0192010179722985 0.0409101295758169 0.0285093099815726 0.0635429123536872 0.00453271811572059 22.4 1 3.84084351641521
"Rastrelliger_faughni" 0 0.0214032498770781 0.00713441662569271 0.0140965043473832 0 0.0845790260842991 0.843752212021683 0 0 0 0.0290345910438639 0 28 NA 3.95169082125604
"Scomber_japonicus" 0.00524915856700653 0.0524915856700653 0.0213841312592762 0 0.00805629306619113 0.215211196894199 0.643470222162004 0 0 0.0108274824762514 0.0433099299050055 0 14 2 4.09991799917999
"Lepisosteus_oculatus" 0.0164029875210083 0.0820149376050415 0.0164029875210083 0 0 0.338266053766571 0.393671700504199 0 0 0.0255402221803619 0.12770111090181 0 NA 4 4.12444444444444
"Hypophthalmichthys_molitrix" 0.00522518771827876 0.042984969954196 0.00871196337160508 0.0117350759600032 0 0.178916308706312 0.660057270555031 0.00431225883441107 0 0.00784010582113533 0.0734610041441125 0.00675585493491518 20 NA 4.16229926174107
"Osmerus_mordax" 0.0128574568521376 0.0514298274085505 0.0128574568521376 0 0.0306994883524962 0.222571290555597 0.562570378060106 0.0137212287331733 0.0411636861995199 0.0130322967465705 0.0390968902397114 0 1 2 4.32766940451745
"Abudefduf_vaigiensis" 0 0.0634979637037494 0.0211659879012498 0.0104994000015678 0.0104994000015678 0.283483800042332 0.424866131570293 0.0303475808264495 0.060695161652899 0.0126592765733189 0.0822852977265731 0 27 NA 4.46445497630333
"Pagellus_acarne" 0.0497976392968591 0.0435729343847517 0.0684717540331813 0.0648641156263607 0.0162160289065902 0.194592346879082 0.304676328348988 0.0276978480317262 0.0276978480317262 0.0618484644741134 0.140564691986621 0 17.5 2 4.46589952287398
"Abbottina_rivularis" 0.011369349052242 0.0283495234180014 0.0138389384228147 0.0590716721189704 0.00798085296227168 0.12859117014869 0.47356757076442 0.0512209703810743 0.0795424227665674 0.07520459573014 0.0602179631607286 0.0110449710740803 NA 1 4.53591999599673
"Typhlichthys_subterraneus" 0.0104584999917558 0.059264833286616 0.0113300416577354 0.0335401233186625 0.00774002845815288 0.273481005521402 0.478452925071276 0.0262165986340425 0.0262165986340425 0.0169674410709063 0.0556532067125727 0.000678697642836252 13 NA 4.61455791495769
"Terapon_jarbua" 0.00805598854959521 0.0483359312975712 0.00805598854959521 0.0299960300923205 0 0.224970225692404 0.422640693660336 0 0.140880231220112 0.0206585136949527 0.0688617123165091 0.0275446849266036 22 NA 4.6543062200957
"Pampus_argenteus" 0.00656794041345579 0.0149175984992145 0.00468452369749237 0.0111550855854421 0.00106773336812212 0.0752778074721365 0.621193021186356 0.14673101215341 0.0609531178373063 0.0187124055935729 0.0330208370749115 0.00571891711857948 24.5 NA 5.04624169071854
"Cottus_pollux" 0 0.0568284882300892 0 0.0321696298818419 0.010723209960614 0.289526668936577 0.341969867650205 0 0.157832246607787 0.0723586230866645 0.0192956328231105 0.0192956328231105 NA 2 5.09474522292994
"Elopichthys_bambusa" 0.0213386586423045 0.0213386586423045 0.00948384828546866 0.0291232054998528 0.00728080137496319 0.109212020624448 0.531749562488691 0.0295416423604828 0.0590832847209656 0.0545544952081558 0.115170600994996 0.012123221157368 NA 6.8 5.11803588290841
"Procypris_rabaudi" 0.0237165531357683 0.0355748297036525 0 0.0607890544474754 0 0.182367163342426 0.401555125378752 0 0.200777562689376 0 0.063479807535033 0.0317399037675165 NA 4 5.12629757785467
"Mugil_cephalus" 0.0142026930251793 0.0431527995122941 0.00629319148847142 0.0124083244571265 0.00332714369692028 0.223167080039025 0.5384149061376 0.0139336776194606 0.024325358789964 0.0134966099749362 0.105076114892731 0.00220210036629131 19 4 5.17155509170258
"Squaliobarbus_curriculus" 0.00697987497251198 0.0419961600743473 0.011025344011162 0.0137652434585704 0.0021774071430714 0.217834994624408 0.613988902803444 0.00623001099725814 0.0162010975449303 0.0133761168144131 0.0538926420368482 0.00253220551903459 22.4 2 5.18702172386159
"Dicentrarchus_punctatus" 0 0.0357271086562545 0.0178635543281272 0 0 0.190409249542992 0.305580801698176 0.152790400849088 0.101860267232725 0.0533914411889007 0.0889857353148345 0.0533914411889007 20.5 NA 5.32954545454543
"Proterorhinus_marmoratus" 0.0246130740036047 0.0196904592028838 0.0196904592028838 0.0440967674798023 0 0.105832241951526 0.612581233254072 0.072068380382832 0 0.035797900419669 0.059663167366115 0.0059663167366115 NA 1 5.37479806138935
"Huso_dauricus" 0 0.0173985733460195 0 0.0664477428853299 0 0.0996716143279949 0.73483386249659 0 0 0 0.0714421810760573 0.0102060258680082 16 NA 5.72872340425533
"Dicentrarchus_labrax" 0.0659829120049007 0.0219943040016336 0.109971520008168 0.0582903229205855 0.0194301076401952 0.126295699661269 0.279918905551973 0.10178869292799 0.0763415196959926 0.0576413005359443 0.0576413005359443 0.0247034145154047 19 3 5.74220032840723
"Tinca_tinca" 0 0.020165461268861 0.014010861692365 0 0.019363325709673 0.116179954258038 0.504021574199973 0.0761601760631606 0.140680488829461 0.0182363596630782 0.0729454386523129 0.0182363596630782 NA 2 5.76133383258831
"Acipenser_schrenckii" 0.00332706197622754 0.0296765077461494 0.0085556725908869 0.0272319562250728 0 0.171882918135201 0.650036848952107 0.00943233164238884 0.0114818806790216 0.0236106187829092 0.058438967436315 0.00632523583372086 NA 11 5.79188493489445
"Sarda_sarda" 0 0.0216210513898375 0.0324315770847563 0 0 0.129333198313755 0.710345999060293 0 0 0.0132835217689198 0.0664176088445989 0.0265670435378396 14.3 1 5.98181818181817
"Scomberomorus_commerson" 0.0135266427018975 0.0495976899069573 0.0541065708075898 0.0514919534805958 0.0102983906961192 0.308951720883575 0.370303835668966 0.0370303835668966 0.0370303835668966 0.0263131667246414 0.0413492619958651 0 27 2.4 6.22915545992469
"Oreochromis_niloticus" 0.00977265257720019 0.0319349655920685 0.0193100201418567 0.0277140481283499 0.00592033782291353 0.199886371564185 0.522308600311264 0.021222530246783 0.0470064162777885 0.0237228173082986 0.0891665550869998 0.00203468494229182 27.6 1 6.25916978015563
"Carassius_carassius" 0.00597214999471069 0.0227296472161189 0.00873550183476353 0.039134299556853 0 0.143948174002868 0.638130879633388 0.0219875668354233 0 0.0179699244495746 0.0949810657023443 0.00641079077395591 NA 2 6.33305799400116
"Lateolabrax_japonicus" 0 0.0342617685416326 0 0.0430248747263194 0.0172099498905277 0.223729348576861 0.441156461982542 0.0315111758558959 0.157555879279479 0.0206202164586968 0.0206202164586968 0.0103101082293484 18 NA 6.53
"Prionace_glauca" 0.00447759293603709 0.0268494262983881 0.00895518587207418 0 0 0.175688486072022 0.625894882842806 0 0 0.0237028773826812 0.127049637181771 0.00738191141422071 12 6 6.54347262841029
"Plectropomus_leopardus" 0.0584326839333694 0.0216770667907379 0.0279594003191425 0.0385348440658315 0.00471366015839433 0.143381600654891 0.326098959964405 0.0462459635552835 0.172487175772496 0.0711045561452479 0.0829888823888487 0.00637520625135149 25.8 NA 6.61443737010372
"Rhinogobius_giurinus" 0.00581002995030376 0.0235367961412134 0.0251621282431186 0.0607492246492572 0.0063502354374487 0.160596006160374 0.439382102436087 0.0284898768027185 0.18518419921767 0.0226381055504757 0.0360362559728979 0.00606503943843463 NA 0.39 6.82318889949372
"Scomberomorus_munroi" 0.0415628881909112 0.0286837315897764 0.0579968468577521 0.0656606445959016 0.00904420813803473 0.196415462657941 0.316012061955654 0.085385813910814 0.0408095597285794 0.0423376608557935 0.108969376493626 0.00712174502521561 26.5 NA 6.84762587612375
"Lutjanus_vitta" 0.0101792397616433 0.0101792397616433 0.0101792397616433 0.0730249808987457 0.0146049961797491 0.0730249808987457 0.472380345188761 0 0.188952138075504 0.0368687098683911 0.0983165596490429 0.0122895699561304 26.35 1 7.17391304347829
"Pethia_ticto" 0 0.0242140519346787 0 0.144091679199349 0.0160101865777055 0.17611205235476 0.459721071731258 0 0 0 0.179850958202248 0 26 NA 7.2731343283582
"Acanthopagrus_berda" 0 0.0122153938158805 0.00305384845397012 0.0476989172736935 0.00867253041339881 0.0910615693406875 0.633015155678908 0.0243467367568811 0.0973869470275243 0.0122294668502306 0.0672620676762682 0.00305736671255765 26 NA 7.45465686274509
"Neogobius_fluviatilis" 0.0108811560522747 0.0217623121045494 0.0544057802613736 0.0940043886009114 0 0.169207899481641 0.369598910799813 0.0923997276999532 0.0461998638499766 0.0435507572767717 0.0979892038727363 0 NA 2 7.77527216174187
"Cyprinus_carpio" 0.00516194914001954 0.0222995912323511 0.0126395621514655 0.0472746574482534 0.00235792786855759 0.184591842737485 0.580493481423233 0.0141691949438261 0.0272800394009025 0.0376889681877694 0.0588769665782599 0.00716581888787705 16.5 2 8.2778128448242
"Scomber_australasicus" 0 0.0232292013201789 0.0117901834004917 0 0 0.195591324142714 0.640099692505766 0 0 0.0525344169128666 0.0767551817179831 0 27.5 NA 8.42006237953633
"Mugil_curema" 0 0.034351686345792 0.017175843172896 0.00867851147660041 0.00867851147660041 0.295069390204414 0.504499884139733 0 0.0388076833953641 0.00662417784204283 0.0828022230255353 0.00331208892102141 23.75 2.75 8.58966244725739
"Lepomis_macrochirus" 0.0475275602927203 0.0154125128703601 0.0118818900731801 0.074206599713541 0 0.148413199427082 0.621026787824878 0 0.0443590562732056 0.00929309838125816 0.0278792951437745 0 11.25 NA 9.62939662567915
"Takifugu_rubripes" 0.00417639044433255 0.0145758072925426 0.00622448189730282 0.0203154319949273 0.0047185633114715 0.147053630587536 0.691115765542637 0.038100828914835 0.0240198988557499 0.00884604570179533 0.0386175974322669 0.00223555802460313 15 NA 10.0888841102319
"Pollachius_virens" 0 0.0162553433696837 0 0.0484337232599264 0.0161445744199755 0.193734893039705 0.505432809841365 0 0 0.0169229735437957 0.186152708981753 0.0169229735437957 6.5 4.75 11.9182282793867
"Labeo_rohita" 0.0124630900903295 0.0190796486085274 0.0124270636012287 0.105655943560145 0.00598169793129326 0.248010088596653 0.414514865353676 0.0110033613862812 0.0372922958922965 0.0361499367680863 0.089535477737455 0.00788653047402815 NA 2.82 12.9986717095937
"Ctenopharyngodon_idella" 0.0052224168700037 0.0140317838980064 0.00428726868053816 0.045985342822344 0.00503930104749114 0.184675792614592 0.552090827647019 0.00443393893228548 0.0355509095206123 0.0384650136050918 0.101514220253443 0.00870318410857262 NA 5.8 13.1612483456811
"Lethrinus_olivaceus" 0.013362539766181 0.013362539766181 0 0.0104088299157446 0.0208176598314892 0.176950108567658 0.397236590714486 0 0.273100156116209 0 0.094761575322051 0 25.3 6 13.242251223491
"Pellonula_leonensis" 0.00650194425875554 0.0130038885175111 0.00650194425875554 0 0.0273543335383147 0.191480334768203 0.611852078114363 0 0.0679835642349292 0.009415239038646 0.065906673270522 0 29 NA 14.7248520710059
"Polyodon_spathula" 0 0.0141319860441776 0 0 0 0.210945742903334 0.687970775150645 0 0 0.0347805983607373 0.052170897541106 0 20 7.5 14.9268292682927
"Hypomesus_olidus" 0.0298410057163036 0.0149205028581518 0 0.0463724776698585 0.0173896791261969 0.231862388349293 0.436508311800074 0.0281618265677467 0.183051872690353 0 0.00792795681468181 0.0039639784073409 16 NA 15.5398508048685
"Scomberomorus_semifasciatus" 0.00129900875159708 0.014777572028057 0.0160765807796541 0.0837849502268947 0 0.230652550685159 0.345287392573891 0.107070788050094 0.0175109068051522 0.0700522254074016 0.10418153868554 0.00930648600655956 26.5 NA 15.6082846523933
"Trisopterus_minutus" 0.0393452222136007 0.00655753703560012 0.0196726111068004 0.0152456357150625 0.00762281785753127 0.1219650857205 0.375710940430103 0.107345982980029 0.134182478725037 0.0287252813692894 0.143626406846447 0 14 2 18.5992217898832
"Heteropneustes_fossilis" 0.00516642818719509 0.00826628509951214 0.0144659989241462 0.0505751429568124 0.00842919049280207 0.185442190841646 0.522857727921164 0.0275188277853244 0.0825564833559733 0.0484133258225505 0.0420985441935222 0.00420985441935222 23 NA 22.4335585585586
"Trachurus_declivis" 0.040723944968471 0.0040723944968471 0.171040568867578 0.0744295079317373 0 0.16915797257213 0.212011325623737 0.106005662811868 0.212011325623737 0 0.0105472971038944 0 12 NA 41.5377176015473
"Saurogobio_dabryi" 0.0132038172476663 0.00344045226814899 0.00165047715595829 0.0392159184957525 0 0.177865154377036 0.401482432509503 0.0425992138319014 0.122348258671704 0.127952006371208 0.0628932017261827 0.00734906734493851 NA 3 51.6981898059379
"Abramis_brama" 0.0146981849227791 0.0734909246138956 0 0.0447642562396391 0 0 0.622379833390309 0 0 0.133121055669863 0.111545745163515 0 7.3 5.25 NA
"Clarias_gariepinus" 0.0121717324155 0 0.0121717324155 0 0 0.0447456067846001 0.293643044523938 0.293643044523938 0.293643044523938 0.0166605982708617 0.0333211965417235 0 22 2 NA
"Galaxiella_nigrostriata" 0 0.0590950400611105 0.0118190080122221 0 0.0362816059910074 0 0.691983856199455 0.125815246581719 0 0.0750052431544864 0 0 16.5 NA NA
"Nannoperca_vittata" 0.0232669936471096 0 0 0 0 0.0270869478279783 0.567132970148296 0.0567132970148296 0.113426594029659 0.0193066543029207 0.193066543029207 0 11.5 1 NA
"Tor_khudree" 0 0 0 0 0 0.241216634124453 0.694167869313703 0 0 0.0323077482809222 0.0323077482809222 0 24 NA NA
