Class Subs Number AncestralNuc FrA FrT FrG FrC Normalised1Number Total Normalised2Number
Actinopterygii A_C 0.0366161945219046 A 0.391201396080265 0.196011251645701 0.0806697293844592 0.332117622889575 0.0935993452190847 6.30252632682328 0.0148510835759194
Actinopterygii A_G 0.155586250032577 A 0.391201396080265 0.196011251645701 0.0806697293844592 0.332117622889575 0.397713943742303 6.30252632682328 0.0631038924898497
Actinopterygii A_T 0.0277292747126736 A 0.391201396080265 0.196011251645701 0.0806697293844592 0.332117622889575 0.0708823511125309 6.30252632682328 0.0112466568859631
Actinopterygii C_A 0.0555888561674181 C 0.391201396080265 0.196011251645701 0.0806697293844592 0.332117622889575 0.167377014455811 6.30252632682328 0.0265571305499291
Actinopterygii C_G 0.0181647598446744 C 0.391201396080265 0.196011251645701 0.0806697293844592 0.332117622889575 0.0546937548409286 6.30252632682328 0.00867806844505422
Actinopterygii C_T 0.163938912199317 C 0.391201396080265 0.196011251645701 0.0806697293844592 0.332117622889575 0.493617022707117 6.30252632682328 0.0783205015116405
Actinopterygii G_A 0.268861900914753 G 0.391201396080265 0.196011251645701 0.0806697293844592 0.332117622889575 3.33287223059098 6.30252632682328 0.528815281009841
Actinopterygii G_C 0.0273904771832895 G 0.391201396080265 0.196011251645701 0.0806697293844592 0.332117622889575 0.339538478587808 6.30252632682328 0.053873393141215
Actinopterygii G_T 0.0132391649943968 G 0.391201396080265 0.196011251645701 0.0806697293844592 0.332117622889575 0.164115649022461 6.30252632682328 0.0260396610045073
Actinopterygii T_A 0.0380235073362696 T 0.391201396080265 0.196011251645701 0.0806697293844592 0.332117622889575 0.193986350360125 6.30252632682328 0.0307791416173111
Actinopterygii T_C 0.184097365197675 T 0.391201396080265 0.196011251645701 0.0806697293844592 0.332117622889575 0.93921835431386 6.30252632682328 0.149022519797591
Actinopterygii T_G 0.010763336895051 T 0.391201396080265 0.196011251645701 0.0806697293844592 0.332117622889575 0.0549118318702756 6.30252632682328 0.00871266997117857
Amphibia A_C 0.0355271431565709 A 0.455229618326953 0.208117773581424 0.0653560364111441 0.271296571680479 0.0780422488482609 7.19340579157308 0.0108491375447894
Amphibia A_G 0.135925382519388 A 0.455229618326953 0.208117773581424 0.0653560364111441 0.271296571680479 0.298586421109719 7.19340579157308 0.041508352199386
Amphibia A_T 0.0355271431565709 A 0.455229618326953 0.208117773581424 0.0653560364111441 0.271296571680479 0.0780422488482609 7.19340579157308 0.0108491375447894
Amphibia C_A 0.0647662963739258 C 0.455229618326953 0.208117773581424 0.0653560364111441 0.271296571680479 0.238728768199123 7.19340579157308 0.0331871682366076
Amphibia C_G 0.0106895828966674 C 0.455229618326953 0.208117773581424 0.0653560364111441 0.271296571680479 0.0394018355280107 7.19340579157308 0.00547749378662457
Amphibia C_T 0.184866904212953 C 0.455229618326953 0.208117773581424 0.0653560364111441 0.271296571680479 0.681419979131477 7.19340579157308 0.0947284219569186
Amphibia G_A 0.27730035631943 G 0.455229618326953 0.208117773581424 0.0653560364111441 0.271296571680479 4.24291881127826 7.19340579157308 0.589834486502729
Amphibia G_C 0.0168727730035632 G 0.455229618326953 0.208117773581424 0.0653560364111441 0.271296571680479 0.25816701761746 7.19340579157308 0.0358893999723882
Amphibia G_T 0.0125759798784322 G 0.455229618326953 0.208117773581424 0.0653560364111441 0.271296571680479 0.192422621826678 7.19340579157308 0.0267498633334571
Amphibia T_A 0.0391951372877803 T 0.455229618326953 0.208117773581424 0.0653560364111441 0.271296571680479 0.188331523124072 7.19340579157308 0.0261811343028497
Amphibia T_C 0.177950115279816 T 0.455229618326953 0.208117773581424 0.0653560364111441 0.271296571680479 0.855045257392179 7.19340579157308 0.118865149856254
Amphibia T_G 0.00880318591490254 T 0.455229618326953 0.208117773581424 0.0653560364111441 0.271296571680479 0.0422990586695777 7.19340579157308 0.00588025476320689
Aves A_C 0.0264160067702351 A 0.443573205536946 0.137905956989919 0.0509743323835127 0.367546505089622 0.059552755758226 8.40881386250675 0.00708218266356924
Aves A_G 0.137339055793991 A 0.443573205536946 0.137905956989919 0.0509743323835127 0.367546505089622 0.309619819411188 8.40881386250675 0.0368208673034995
Aves A_T 0.0155957202442121 A 0.443573205536946 0.137905956989919 0.0509743323835127 0.367546505089622 0.0351592928732777 8.40881386250675 0.00418124285400657
Aves C_A 0.0588768663483044 C 0.443573205536946 0.137905956989919 0.0509743323835127 0.367546505089622 0.16018888911472 8.40881386250675 0.0190501171430338
Aves C_G 0.00683068367285257 C 0.443573205536946 0.137905956989919 0.0509743323835127 0.367546505089622 0.0185845425769645 8.40881386250675 0.00221012652686121
Aves C_T 0.205827238106752 C 0.443573205536946 0.137905956989919 0.0509743323835127 0.367546505089622 0.560003251987292 8.40881386250675 0.0665971754332958
Aves G_A 0.249168832738923 G 0.443573205536946 0.137905956989919 0.0509743323835127 0.367546505089622 4.88812351409069 8.40881386250675 0.581309515707783
Aves G_C 0.00991355860484797 G 0.443573205536946 0.137905956989919 0.0509743323835127 0.367546505089622 0.194481381928887 8.40881386250675 0.0231282776749336
Aves G_T 0.00646799250438252 G 0.443573205536946 0.137905956989919 0.0509743323835127 0.367546505089622 0.12688724308775 8.40881386250675 0.0150897909220603
Aves T_A 0.0233935803663181 T 0.443573205536946 0.137905956989919 0.0509743323835127 0.367546505089622 0.169634299176997 8.40881386250675 0.0201733921038927
Aves T_C 0.255636825243305 T 0.443573205536946 0.137905956989919 0.0509743323835127 0.367546505089622 1.85370400831917 8.40881386250675 0.220447739553907
Aves T_G 0.0045336396058756 T 0.443573205536946 0.137905956989919 0.0509743323835127 0.367546505089622 0.0328748641815886 8.40881386250675 0.0039095721131575
Mammalia A_C 0.024667388121459 A 0.508193157260606 0.172421433249201 0.0408150382891771 0.278570371201015 0.0485393944586494 9.18625688159409 0.00528391433902797
Mammalia A_G 0.122970908396461 A 0.508193157260606 0.172421433249201 0.0408150382891771 0.278570371201015 0.241976710310958 9.18625688159409 0.0263411652243028
Mammalia A_T 0.030141956840028 A 0.508193157260606 0.172421433249201 0.0408150382891771 0.278570371201015 0.0593120084546336 9.18625688159409 0.0064566024245929
Mammalia C_A 0.0450697052644981 C 0.508193157260606 0.172421433249201 0.0408150382891771 0.278570371201015 0.161789299666675 9.18625688159409 0.0176121027042954
Mammalia C_G 0.00641352091157935 C 0.508193157260606 0.172421433249201 0.0408150382891771 0.278570371201015 0.0230229829681039 9.18625688159409 0.00250624201618328
Mammalia C_T 0.227576548475396 C 0.508193157260606 0.172421433249201 0.0408150382891771 0.278570371201015 0.816944556932717 9.18625688159409 0.0889311683161807
Mammalia G_A 0.233448978292698 G 0.508193157260606 0.172421433249201 0.0408150382891771 0.278570371201015 5.71968049224155 9.18625688159409 0.622634503472432
Mammalia G_C 0.009691896365141 G 0.508193157260606 0.172421433249201 0.0408150382891771 0.278570371201015 0.237458955605366 9.18625688159409 0.0258493702784588
Mammalia G_T 0.00735247310458973 G 0.508193157260606 0.172421433249201 0.0408150382891771 0.278570371201015 0.18014127666614 9.18625688159409 0.0196098671077963
Mammalia T_A 0.0380196065949456 T 0.508193157260606 0.172421433249201 0.0408150382891771 0.278570371201015 0.220503947093374 9.18625688159409 0.0240036774428966
Mammalia T_C 0.249681711121013 T 0.508193157260606 0.172421433249201 0.0408150382891771 0.278570371201015 1.44808975552446 9.18625688159409 0.157636540561576
Mammalia T_G 0.00496530651219046 T 0.508193157260606 0.172421433249201 0.0408150382891771 0.278570371201015 0.0287975016714661 9.18625688159409 0.00313484611225774
Reptilia A_C 0.0524744027303754 A 0.50872651228683 0.142870151970534 0.0472538239498172 0.301149511792819 0.103148551260858 9.13917649504059 0.0112864163764461
Reptilia A_G 0.138286201852755 A 0.50872651228683 0.142870151970534 0.0472538239498172 0.301149511792819 0.271828179803585 9.13917649504059 0.029743180903782
Reptilia A_T 0.0330326669917114 A 0.50872651228683 0.142870151970534 0.0472538239498172 0.301149511792819 0.0649320729191463 9.13917649504059 0.00710480566322161
Reptilia C_A 0.0771270112140419 C 0.50872651228683 0.142870151970534 0.0472538239498172 0.301149511792819 0.25610870412801 9.13917649504059 0.0280231708258385
Reptilia C_G 0.0100560702096538 C 0.50872651228683 0.142870151970534 0.0472538239498172 0.301149511792819 0.0333922846156631 9.13917649504059 0.00365375202391414
Reptilia C_T 0.158581179912238 C 0.50872651228683 0.142870151970534 0.0472538239498172 0.301149511792819 0.526586209514882 9.13917649504059 0.0576185622195431
Reptilia G_A 0.26511457825451 G 0.50872651228683 0.142870151970534 0.0472538239498172 0.301149511792819 5.61043649157489 9.13917649504059 0.613888624934578
Reptilia G_C 0.0173086299366163 G 0.50872651228683 0.142870151970534 0.0472538239498172 0.301149511792819 0.366290566346499 9.13917649504059 0.0400791653980277
Reptilia G_T 0.0120368113115553 G 0.50872651228683 0.142870151970534 0.0472538239498172 0.301149511792819 0.254726714272652 9.13917649504059 0.027871954810248
Reptilia T_A 0.039950024378352 T 0.50872651228683 0.142870151970534 0.0472538239498172 0.301149511792819 0.279624706961826 9.13917649504059 0.0305962694903163
Reptilia T_C 0.188231350560702 T 0.50872651228683 0.142870151970534 0.0472538239498172 0.301149511792819 1.31749947742426 9.13917649504059 0.144159539772451
Reptilia T_G 0.00780107264748903 T 0.50872651228683 0.142870151970534 0.0472538239498172 0.301149511792819 0.0546025362183276 9.13917649504059 0.00597455758163308
