BIN_NUM	A>T_COUNT	A>C_COUNT	A>G_COUNT	T>A_COUNT	T>C_COUNT	T>G_COUNT	C>A_COUNT	C>T_COUNT	C>G_COUNT	G>A_COUNT	G>T_COUNT	G>C_COUNT	A>T_DENOM	A>C_DENOM	A>G_DENOM	T>A_DENOM	T>C_DENOM	T>G_DENOM	C>A_DENOM	C>T_DENOM	C>G_DENOM	G>A_DENOM	G>T_DENOM	G>C_DENOM	A>T_Freq	A>T_Density	A>C_Freq	A>C_Density	A>G_Freq	A>G_Density	T>A_Freq	T>A_Density	T>C_Freq	T>C_Density	T>G_Freq	T>G_Density	C>A_Freq	C>A_Density	C>T_Freq	C>T_Density	C>G_Freq	C>G_Density	G>A_Freq	G>A_Density	G>T_Freq	G>T_Density	G>C_Freq	G>C_Density	Age
1	0	0	6	1	14	1	3	6	2	70	6	4	13903747	13903747	13903747	11417476	11417476	11417476	5736423	5736423	5736423	6156419	6156419	6156419	0	0	0	0	4.315383471808E-07	0.157894736842105	8.75850319282475E-08	0.033333333333333	1.22619044699547E-06	0.466666666666667	8.75850319282475E-08	0.033333333333333	5.22973985705029E-07	0.2	1.04594797141006E-06	0.4	3.48649323803353E-07	0.133333333333333	1.13702462421742E-05	4.11764705882353	9.74592535043505E-07	0.352941176470588	6.4972835669567E-07	0.235294117647059	1
2	2	0	12	1	11	0	18	9	2	108	14	7	20730325	20730325	20730325	12651131	12651131	12651131	9024058	9024058	9024058	8023631	8023631	8023631	9.64770209825461E-08	0.048780487804878	0	0	5.78862125895277E-07	0.292682926829268	7.90443162749639E-08	0.04	8.69487479024603E-07	0.44	0	0	1.99466803072409E-06	1	9.97334015362047E-07	0.5	2.21629781191566E-07	0.111111111111111	1.34602401331766E-05	6.75	1.74484594318956E-06	0.875	8.72422971594781E-07	0.4375	1
3	0	1	7	1	5	0	9	13	9	103	18	7	17988813	17988813	17988813	12749308	12749308	12749308	11706696	11706696	11706696	9954825	9954825	9954825	0	0	5.55901048056923E-08	0.029411764705882	3.89130733639846E-07	0.205882352941176	7.84356296043675E-08	0.041666666666667	3.92178148021838E-07	0.208333333333333	0	0	7.6879078435111E-07	0.391304347826087	1.11047557739605E-06	0.565217391304348	7.6879078435111E-07	0.391304347826087	1.03467414042939E-05	5.42105263157895	1.80816840075039E-06	0.947368421052632	7.03176600291818E-07	0.368421052631579	1
4	3	1	4	0	14	0	6	11	7	89	6	4	19600133	19600133	19600133	12751780	12751780	12751780	11831634	11831634	11831634	6677763	6677763	6677763	1.53060185867106E-07	0.076923076923077	5.1020061955702E-08	0.025641025641026	2.04080247822808E-07	0.102564102564103	0	0	1.09788594219787E-06	0.56	0	0	5.07115078103329E-07	0.260869565217391	9.29710976522769E-07	0.478260869565217	5.91634257787217E-07	0.304347826086957	1.33278165158003E-05	6.84615384615385	8.98504484211255E-07	0.461538461538462	5.9900298947417E-07	0.307692307692308	1
5	3	0	6	0	20	0	12	2	3	110	9	5	19056381	19056381	19056381	13881419	13881419	13881419	7582861	7582861	7582861	7147490	7147490	7147490	1.57427582918289E-07	0.075	0	0	3.14855165836577E-07	0.15	0	0	1.44077489484324E-06	0.689655172413793	0	0	1.58251615056639E-06	0.75	2.63752691761065E-07	0.125	3.95629037641597E-07	0.1875	1.53900180343029E-05	7.33333333333333	1.2591832937157E-06	0.6	6.99546274286498E-07	0.333333333333333	1
6	1	1	5	1	11	0	11	6	7	57	6	2	19149770	19149770	19149770	12218983	12218983	12218983	11066270	11066270	11066270	6405713	6405713	6405713	5.22199483335831E-08	0.025641025641026	5.22199483335831E-08	0.025641025641026	2.61099741667916E-07	0.128205128205128	8.18398716161566E-08	0.04	9.00238587777723E-07	0.44	0	0	9.94011532341069E-07	0.478260869565217	5.42188108549674E-07	0.260869565217391	6.32552793307953E-07	0.304347826086957	8.8983068707574E-06	4.38461538461539	9.36663881132358E-07	0.461538461538462	3.12221293710786E-07	0.153846153846154	1
7	1	1	4	2	22	0	15	18	1	72	10	3	13034889	13034889	13034889	14543267	14543267	14543267	15354912	15354912	15354912	5317775	5317775	5317775	7.67171857006224E-08	0.037037037037037	7.67171857006224E-08	0.037037037037037	3.0686874280249E-07	0.148148148148148	1.37520682251106E-07	0.066666666666667	1.51272750476217E-06	0.733333333333333	0	0	9.76886093518478E-07	0.46875	1.17226331222217E-06	0.5625	6.51257395678985E-08	0.03125	1.35394972521402E-05	6.54545454545455	1.88048572946392E-06	0.909090909090909	5.64145718839176E-07	0.272727272727273	1
8	1	0	7	3	10	0	7	4	3	129	8	6	20089456	20089456	20089456	10457597	10457597	10457597	5925527	5925527	5925527	8936262	8936262	8936262	4.97773558427864E-08	0.022727272727273	0	0	3.48441490899505E-07	0.159090909090909	2.86872787314332E-07	0.130434782608696	9.56242624381108E-07	0.434782608695652	0	0	1.181329525627E-06	0.538461538461538	6.7504544321543E-07	0.307692307692308	5.06284082411573E-07	0.230769230769231	1.44355660118291E-05	6.45	8.95228899958394E-07	0.4	6.71421674968796E-07	0.3	1
9	0	0	13	0	6	0	4	6	3	86	11	6	19588281	19588281	19588281	11800954	11800954	11800954	4922730	4922730	4922730	9136135	9136135	9136135	0	0	0	0	6.63662115118728E-07	0.302325581395349	0	0	5.08433470717706E-07	0.230769230769231	0	0	8.12557259894408E-07	0.363636363636364	1.21883588984161E-06	0.545454545454545	6.09417944920806E-07	0.272727272727273	9.41317088681373E-06	4.3	1.20401022970873E-06	0.55	6.567328525684E-07	0.3	1
10	0	0	9	0	13	0	5	19	3	91	4	4	16174045	16174045	16174045	11287827	11287827	11287827	9912690	9912690	9912690	6092429	6092429	6092429	0	0	0	0	5.56447073072939E-07	0.243243243243243	0	0	1.15168313617847E-06	0.5	0	0	5.04403950895266E-07	0.217391304347826	1.91673501340201E-06	0.826086956521739	3.0264237053716E-07	0.130434782608696	1.49365712755947E-05	6.5	6.56552583542623E-07	0.285714285714286	6.56552583542623E-07	0.285714285714286	1
11	0	2	5	2	13	2	11	10	4	97	7	5	15242536	15242536	15242536	11822285	11822285	11822285	8558919	8558919	8558919	7910005	7910005	7910005	0	0	1.31211761612372E-07	0.057142857142857	3.2802940403093E-07	0.142857142857143	1.69172034001887E-07	0.074074074074074	1.09961822101227E-06	0.481481481481482	1.69172034001887E-07	0.074074074074074	1.28520903165458E-06	0.55	1.16837184695871E-06	0.5	4.67348738783484E-07	0.2	1.22629505291084E-05	5.38888888888889	8.84955192822255E-07	0.388888888888889	6.32110852015896E-07	0.277777777777778	1
12	0	1	6	1	11	1	4	4	4	43	2	3	17179730	17179730	17179730	12134429	12134429	12134429	7802877	7802877	7802877	4553518	4553518	4553518	0	0	5.82081324910229E-08	0.024390243902439	3.49248794946137E-07	0.146341463414634	8.2410140600765E-08	0.03448275862069	9.06511546608415E-07	0.379310344827586	8.2410140600765E-08	0.03448275862069	5.12631430688963E-07	0.210526315789474	5.12631430688963E-07	0.210526315789474	5.12631430688963E-07	0.210526315789474	9.44324805567915E-06	3.90909090909091	4.3922083979903E-07	0.181818181818182	6.58831259698545E-07	0.272727272727273	1
13	1	0	7	1	2	0	8	7	2	88	8	5	20634498	20634498	20634498	8993684	8993684	8993684	5981883	5981883	5981883	7292481	7292481	7292481	4.84625310487321E-08	0.020833333333333	0	0	3.39237717341125E-07	0.145833333333333	1.11189141179521E-07	0.047619047619048	2.22378282359042E-07	0.095238095238095	0	0	1.33737152665808E-06	0.571428571428571	1.17020008582582E-06	0.5	3.34342881664519E-07	0.142857142857143	1.20672237610218E-05	5.17647058823529	1.09702034191107E-06	0.470588235294118	6.8563771369442E-07	0.294117647058824	1
14	1	1	9	0	10	1	8	8	4	87	6	3	20174648	20174648	20174648	10352516	10352516	10352516	9772658	9772658	9772658	6617617	6617617	6617617	4.95671597343359E-08	0.023255813953488	4.95671597343359E-08	0.023255813953488	4.46104437609023E-07	0.209302325581395	0	0	9.65948760668421E-07	0.454545454545455	9.65948760668421E-08	0.045454545454546	8.18610453778286E-07	0.380952380952381	8.18610453778286E-07	0.380952380952381	4.09305226889143E-07	0.190476190476191	1.31467263820194E-05	6.21428571428571	9.06670784966854E-07	0.428571428571429	4.53335392483427E-07	0.214285714285714	1
15	1	1	7	0	16	1	6	4	3	94	4	3	19929802	19929802	19929802	13813361	13813361	13813361	6434634	6434634	6434634	9237053	9237053	9237053	5.01761131395084E-08	0.025	5.01761131395084E-08	0.025	3.51232791976559E-07	0.175	0	0	1.15829883834933E-06	0.571428571428571	7.23936773968334E-08	0.035714285714286	9.3245396707878E-07	0.461538461538462	6.2163597805252E-07	0.307692307692308	4.6622698353939E-07	0.230769230769231	1.0176405829868E-05	4.94736842105263	4.33038545951831E-07	0.210526315789474	3.24778909463873E-07	0.157894736842105	1
16	1	0	3	3	9	1	2	6	3	85	5	3	22352777	22352777	22352777	11869944	11869944	11869944	7371926	7371926	7371926	8009806	8009806	8009806	4.47371706880089E-08	0.022222222222222	0	0	1.34211512064027E-07	0.066666666666667	2.52739187312088E-07	0.125	7.58217561936265E-07	0.375	8.42463957706961E-08	0.041666666666667	2.71299521997372E-07	0.133333333333333	8.13898565992117E-07	0.4	4.06949282996058E-07	0.2	1.06119923503765E-05	5.3125	6.24234844139796E-07	0.3125	3.74540906483877E-07	0.1875	1
17	3	0	2	0	7	0	10	9	4	61	3	1	19531921	19531921	19531921	12480724	12480724	12480724	10213482	10213482	10213482	4240669	4240669	4240669	1.53594723222565E-07	0.071428571428571	0	0	1.02396482148377E-07	0.047619047619048	0	0	5.60864898542745E-07	0.259259259259259	0	0	9.79098019656764E-07	0.454545454545455	8.81188217691087E-07	0.409090909090909	3.91639207862705E-07	0.181818181818182	1.43845228193948E-05	6.77777777777778	7.07435548494825E-07	0.333333333333333	2.35811849498275E-07	0.111111111111111	1
18	1	0	4	3	10	0	13	6	6	96	4	2	14327475	14327475	14327475	12713710	12713710	12713710	7881615	7881615	7881615	7184512	7184512	7184512	6.97959689338142E-08	0.029411764705882	0	0	2.79183875735257E-07	0.117647058823529	2.35965740920628E-07	0.1	7.86552469735427E-07	0.333333333333333	0	0	1.64940814794937E-06	0.68421052631579	7.61265299053557E-07	0.31578947368421	7.61265299053557E-07	0.31578947368421	1.33620766448716E-05	5.64705882352941	5.56753193536318E-07	0.235294117647059	2.78376596768159E-07	0.117647058823529	1
19	2	0	3	0	4	0	9	7	6	62	2	2	15684304	15684304	15684304	8210232	8210232	8210232	8425391	8425391	8425391	4311992	4311992	4311992	1.27516018562252E-07	0.046511627906977	0	0	1.91274027843378E-07	0.069767441860465	0	0	4.87196951316358E-07	0.181818181818182	0	0	1.06819968355178E-06	0.391304347826087	8.30821976095828E-07	0.304347826086957	7.12133122367852E-07	0.260869565217391	1.43785053404552E-05	5.16666666666667	4.63822752917909E-07	0.166666666666667	4.63822752917909E-07	0.166666666666667	1
20	0	1	1	0	7	0	5	8	3	67	3	4	9959661	9959661	9959661	5658730	5658730	5658730	7482246	7482246	7482246	4674745	4674745	4674745	0	0	1.0040502382561E-07	0.028571428571429	1.0040502382561E-07	0.028571428571429	0	0	1.23702668266555E-06	0.333333333333333	0	0	6.68248544621495E-07	0.185185185185185	1.06919767139439E-06	0.296296296296296	4.00949126772897E-07	0.111111111111111	1.43323325657335E-05	3.94117647058824	6.41746234286576E-07	0.176470588235294	8.55661645715435E-07	0.235294117647059	1
21	0	0	4	0	6	0	12	8	5	88	2	2	6251338	6251338	6251338	5823344	5823344	5823344	5578506	5578506	5578506	5545989	5545989	5545989	0	0	0	0	6.3986301812508E-07	0.148148148148148	0	0	1.03033583453081E-06	0.24	0	0	2.15111357772135E-06	0.5	1.4340757184809E-06	0.333333333333333	8.96297324050561E-07	0.208333333333333	1.58673232132267E-05	3.66666666666667	3.60620982118789E-07	0.083333333333333	3.60620982118789E-07	0.083333333333333	1
22	0	0	3	1	16	0	6	3	2	50	4	4	9181476	9181476	9181476	7579338	7579338	7579338	3007929	3007929	3007929	3684338	3684338	3684338	0	0	0	0	3.26744850174416E-07	0.076923076923077	1.31937644158368E-07	0.03125	2.1110023065339E-06	0.5	0	0	1.99472793407025E-06	0.461538461538462	9.97363967035126E-07	0.230769230769231	6.64909311356751E-07	0.153846153846154	1.35709590162466E-05	3.125	1.08567672129973E-06	0.25	1.08567672129973E-06	0.25	1
23	1	0	1	0	11	0	3	2	0	91	3	2	10627000	10627000	10627000	7922841	7922841	7922841	4941896	4941896	4941896	5187606	5187606	5187606	9.40999341300461E-08	0.027027027027027	0	0	9.40999341300461E-08	0.027027027027027	0	0	1.38839085625977E-06	0.392857142857143	0	0	6.07054458450765E-07	0.176470588235294	4.0470297230051E-07	0.117647058823529	0	0	1.75418102299982E-05	5.05555555555556	5.78301436153787E-07	0.166666666666667	3.85534290769191E-07	0.111111111111111	1
24	3	0	3	0	10	0	8	5	2	72	7	2	13245375	13245375	13245375	9404106	9404106	9404106	7036553	7036553	7036553	5379636	5379636	5379636	2.2649415361966E-07	0.078947368421053	0	0	2.2649415361966E-07	0.078947368421053	0	0	1.06336530022099E-06	0.37037037037037	0	0	1.13692030742894E-06	0.4	7.10575192143085E-07	0.25	2.84230076857234E-07	0.1	1.33838051496421E-05	4.8	1.30120327843743E-06	0.466666666666667	3.71772365267836E-07	0.133333333333333	1
25	1	1	3	0	15	1	10	6	3	109	6	6	10826897	10826897	10826897	13221000	13221000	13221000	7212286	7212286	7212286	8852424	8852424	8852424	9.23625670402148E-08	0.037037037037037	9.23625670402148E-08	0.037037037037037	2.77087701120644E-07	0.111111111111111	0	0	1.13455865668255E-06	0.454545454545455	7.56372437788367E-08	0.03030303030303	1.38652294154724E-06	0.555555555555556	8.31913764928346E-07	0.333333333333333	4.15956882464173E-07	0.166666666666667	1.23130116677647E-05	4.95454545454545	6.77780458776037E-07	0.272727272727273	6.77780458776037E-07	0.272727272727273	1
26	1	0	2	0	9	0	7	6	4	124	5	1	11544650	11544650	11544650	8936621	8936621	8936621	8406567	8406567	8406567	7735899	7735899	7735899	8.6620209361046E-08	0.03125	0	0	1.73240418722092E-07	0.0625	0	0	1.0070920541444E-06	0.375	0	0	8.3268235416431E-07	0.304347826086957	7.13727732140837E-07	0.260869565217391	4.75818488093891E-07	0.173913043478261	1.60291648068311E-05	5.90476190476191	6.46337290598029E-07	0.238095238095238	1.29267458119606E-07	0.047619047619048	1
27	0	0	3	0	6	1	4	6	1	60	2	3	11181175	11181175	11181175	7787229	7787229	7787229	4825542	4825542	4825542	4724562	4724562	4724562	0	0	0	0	2.68308116096922E-07	0.076923076923077	0	0	7.70492302204032E-07	0.222222222222222	1.28415383700672E-07	0.037037037037037	8.28922429853476E-07	0.235294117647059	1.24338364478021E-06	0.352941176470588	2.07230607463369E-07	0.058823529411765	1.26995899302412E-05	3.52941176470588	4.23319664341372E-07	0.117647058823529	6.34979496512058E-07	0.176470588235294	1
28	2	0	1	2	9	0	10	8	3	55	3	1	7125226	7125226	7125226	8997573	8997573	8997573	8140387	8140387	8140387	3019444	3019444	3019444	2.80692851005708E-07	0.076923076923077	0	0	1.40346425502854E-07	0.038461538461539	2.22282164312532E-07	0.060606060606061	1.00026973940639E-06	0.272727272727273	0	0	1.22844282464703E-06	0.333333333333333	9.82754259717628E-07	0.266666666666667	3.6853284739411E-07	0.1	1.82152740703255E-05	5	9.93560403835938E-07	0.272727272727273	3.31186801278646E-07	0.090909090909091	1
29	1	0	1	1	8	0	8	8	4	94	9	4	10809224	10809224	10809224	8434337	8434337	8434337	7727051	7727051	7727051	5141228	5141228	5141228	9.25135791431466E-08	0.029411764705882	0	0	9.25135791431466E-08	0.029411764705882	1.1856296470013E-07	0.038461538461539	9.4850371760104E-07	0.307692307692308	0	0	1.03532382535071E-06	0.333333333333333	1.03532382535071E-06	0.333333333333333	5.17661912675353E-07	0.166666666666667	1.82835696063275E-05	5.875	1.75055453677604E-06	0.5625	7.78024238567128E-07	0.25	1
30	1	0	3	0	9	1	5	11	1	42	7	2	13678420	13678420	13678420	11748757	11748757	11748757	10218851	10218851	10218851	2268002	2268002	2268002	7.31078589486213E-08	0.027777777777778	0	0	2.19323576845864E-07	0.083333333333333	0	0	7.66038483900893E-07	0.290322580645161	8.51153871000992E-08	0.032258064516129	4.89291800027224E-07	0.185185185185185	1.07644196005989E-06	0.407407407407407	9.78583600054448E-08	0.037037037037037	1.85185021882697E-05	7	3.08641703137828E-06	1.16666666666667	8.81833437536651E-07	0.333333333333333	1
31	1	1	6	0	17	2	9	16	2	73	5	9	12656566	12656566	12656566	16327168	16327168	16327168	10900596	10900596	10900596	3919211	3919211	3919211	7.90103729558239E-08	0.03448275862069	7.90103729558239E-08	0.03448275862069	4.74062237734943E-07	0.206896551724138	0	0	1.04120935118693E-06	0.45945945945946	1.22495217786698E-07	0.054054054054054	8.25642928148149E-07	0.36	1.46780965004115E-06	0.64	1.83476206255144E-07	0.08	1.86261979770928E-05	8.11111111111111	1.27576698473239E-06	0.555555555555556	2.29638057251829E-06	1	1
32	1	0	4	2	19	2	5	9	3	109	10	4	15723465	15723465	15723465	12855244	12855244	12855244	11884744	11884744	11884744	7080398	7080398	7080398	6.35992130233381E-08	0.03030303030303	0	0	2.54396852093352E-07	0.121212121212121	1.55578532776196E-07	0.074074074074074	1.47799606137386E-06	0.703703703703704	1.55578532776196E-07	0.074074074074074	4.20707421211597E-07	0.2	7.57273358180875E-07	0.36	2.52424452726958E-07	0.12	1.53946148225001E-05	7.26666666666667	1.4123499837156E-06	0.666666666666667	5.64939993486242E-07	0.266666666666667	1
33	2	0	7	1	14	0	10	8	3	53	3	4	16978045	16978045	16978045	14100672	14100672	14100672	13056704	13056704	13056704	4348015	4348015	4348015	1.17799193016628E-07	0.057142857142857	0	0	4.12297175558199E-07	0.2	7.09186058650254E-08	0.03448275862069	9.92860482110356E-07	0.482758620689655	0	0	7.65890074554803E-07	0.37037037037037	6.12712059643843E-07	0.296296296296296	2.29767022366441E-07	0.111111111111111	1.21894703675125E-05	5.88888888888889	6.89970020802596E-07	0.333333333333333	9.19960027736795E-07	0.444444444444444	1
34	1	1	8	0	9	0	9	14	4	138	13	4	16411711	16411711	16411711	10171323	10171323	10171323	11241914	11241914	11241914	10117309	10117309	10117309	6.09320990358653E-08	0.029411764705882	6.09320990358653E-08	0.029411764705882	4.87456792286922E-07	0.235294117647059	0	0	8.84840644624106E-07	0.428571428571429	0	0	8.0057541802935E-07	0.375	1.24533953915677E-06	0.583333333333333	3.55811296901933E-07	0.166666666666667	1.36399906338731E-05	6.57142857142857	1.28492665391558E-06	0.619047619047619	3.95362047358641E-07	0.190476190476191	1
35	3	0	2	0	19	1	20	13	4	75	7	3	13726262	13726262	13726262	14270477	14270477	14270477	11961285	11961285	11961285	4578862	4578862	4578862	2.18559138678833E-07	0.096774193548387	0	0	1.45706092452556E-07	0.064516129032258	0	0	1.33142010599926E-06	0.59375	7.00747424210137E-08	0.03125	1.67206115396465E-06	0.740740740740741	1.08683975007702E-06	0.481481481481482	3.34412230792929E-07	0.148148148148148	1.63796157211115E-05	7.5	1.52876413397041E-06	0.7	6.5518462884446E-07	0.3	1
36	0	0	1	1	10	2	15	11	6	63	2	1	11995260	11995260	11995260	11932236	11932236	11932236	11950781	11950781	11950781	3952132	3952132	3952132	0	0	0	0	8.33662630072212E-08	0.033333333333333	8.38065891422195E-08	0.033333333333333	8.38065891422195E-07	0.333333333333333	1.67613178284439E-07	0.066666666666667	1.25514809450529E-06	0.5	9.20441935970545E-07	0.366666666666667	5.02059237802115E-07	0.2	1.59407631121633E-05	6.3	5.06055971814707E-07	0.2	2.53027985907353E-07	0.1	1
37	0	1	1	1	10	0	14	3	1	50	2	0	10890198	10890198	10890198	11259135	11259135	11259135	7427134	7427134	7427134	3085271	3085271	3085271	0	0	9.18256949965464E-08	0.03030303030303	9.18256949965464E-08	0.03030303030303	8.88167696719153E-08	0.029411764705882	8.88167696719153E-07	0.294117647058824	0	0	1.8849801282702E-06	0.608695652173913	4.03924313200758E-07	0.130434782608696	1.34641437733586E-07	0.043478260869565	1.62060318202194E-05	5	6.48241272808774E-07	0.2	0	0	1
38	1	0	5	0	11	1	6	2	1	63	2	1	10280846	10280846	10280846	8668739	8668739	8668739	3817464	3817464	3817464	4345274	4345274	4345274	9.7268259829979E-08	0.026315789473684	0	0	4.86341299149895E-07	0.131578947368421	0	0	1.26892734917962E-06	0.34375	1.15357031743602E-07	0.03125	1.57172405555102E-06	0.428571428571429	5.23908018517005E-07	0.142857142857143	2.61954009258503E-07	0.071428571428571	1.44985103355968E-05	3.9375	4.60270169384025E-07	0.125	2.30135084692013E-07	0.0625	1
39	2	0	2	3	17	0	7	8	3	58	14	3	9371045	9371045	9371045	7477994	7477994	7477994	6507393	6507393	6507393	4131791	4131791	4131791	2.13423369538829E-07	0.058823529411765	0	0	2.13423369538829E-07	0.058823529411765	4.01177107122579E-07	0.111111111111111	2.27333694036128E-06	0.62962962962963	0	0	1.0756995927555E-06	0.291666666666667	1.22937096314914E-06	0.333333333333333	4.61014111180929E-07	0.125	1.40374960882581E-05	3.86666666666667	3.38836112475195E-06	0.933333333333333	7.26077383875419E-07	0.2	1
40	1	1	2	0	14	0	8	14	2	29	4	2	10850852	10850852	10850852	10299481	10299481	10299481	11242183	11242183	11242183	2072942	2072942	2072942	9.21586618267395E-08	0.032258064516129	9.21586618267395E-08	0.032258064516129	1.84317323653479E-07	0.064516129032258	0	0	1.35929179344085E-06	0.466666666666667	0	0	7.1160556628548E-07	0.242424242424242	1.24530974099959E-06	0.424242424242424	1.7790139157137E-07	0.060606060606061	1.3989778778181E-05	4.83333333333333	1.92962465905944E-06	0.666666666666667	9.64812329529721E-07	0.333333333333333	1
41	1	1	3	4	10	0	7	12	9	76	4	8	16331171	16331171	16331171	7612638	7612638	7612638	11409701	11409701	11409701	5162982	5162982	5162982	6.12325962418739E-08	0.025	6.12325962418739E-08	0.025	1.83697788725622E-07	0.075	5.254420346797E-07	0.210526315789474	1.31360508669925E-06	0.526315789473684	0	0	6.13513009674837E-07	0.25	1.05173658801401E-06	0.428571428571429	7.88802441010505E-07	0.321428571428571	1.47201752785503E-05	5.84615384615385	7.74746067292119E-07	0.307692307692308	1.54949213458424E-06	0.615384615384615	1
42	1	0	9	1	11	1	10	12	5	52	7	0	18365535	18365535	18365535	11013678	11013678	11013678	11879032	11879032	11879032	4564310	4564310	4564310	5.44498159187848E-08	0.025	0	0	4.90048343269064E-07	0.225	9.07961899739578E-08	0.041666666666667	9.98758089713536E-07	0.458333333333333	9.07961899739578E-08	0.041666666666667	8.418194344455E-07	0.384615384615385	1.0101833213346E-06	0.461538461538462	4.2090971722275E-07	0.192307692307692	1.13927406333049E-05	5.2	1.53363816217566E-06	0.7	0	0	1
43	0	0	3	1	16	1	4	13	4	88	5	0	14649113	14649113	14649113	11453097	11453097	11453097	13712347	13712347	13712347	5927517	5927517	5927517	0	0	0	0	2.04790556260983E-07	0.09375	8.73126281913093E-08	0.04	1.39700205106095E-06	0.64	8.73126281913093E-08	0.04	2.91707903832947E-07	0.133333333333333	9.48050687457078E-07	0.433333333333333	2.91707903832947E-07	0.133333333333333	1.48460139380452E-05	6.76923076923077	8.43523519207115E-07	0.384615384615385	0	0	1
44	2	0	1	0	17	0	9	7	4	23	3	2	14279260	14279260	14279260	17323686	17323686	17323686	11091153	11091153	11091153	1790110	1790110	1790110	1.40063280590171E-07	0.0625	0	0	7.00316402950853E-08	0.03125	0	0	9.81315408279739E-07	0.435897435897436	0	0	8.1145756442094E-07	0.36	6.31133661216287E-07	0.28	3.60647806409307E-07	0.16	1.2848372446386E-05	5.75	1.67587466691991E-06	0.75	1.11724977794661E-06	0.5	1
45	2	0	4	0	16	0	9	6	4	96	9	1	17200810	17200810	17200810	11709699	11709699	11709699	9018584	9018584	9018584	7064616	7064616	7064616	1.16273594092371E-07	0.052631578947368	0	0	2.32547188184742E-07	0.105263157894737	0	0	1.36638866635257E-06	0.615384615384615	0	0	9.97939366091173E-07	0.45	6.65292910727449E-07	0.3	4.43528607151633E-07	0.2	1.35888489905184E-05	6	1.2739545928611E-06	0.5625	1.415505103179E-07	0.0625	1
46	3	0	3	3	25	0	17	14	4	16	1	0	13999417	13999417	13999417	12750016	12750016	12750016	13602893	13602893	13602893	809294	809294	809294	2.14294638126716E-07	0.088235294117647	0	0	2.14294638126716E-07	0.088235294117647	2.3529382237638E-07	0.096774193548387	1.9607818531365E-06	0.806451612903226	0	0	1.24973415581524E-06	0.515151515151515	1.02919283420078E-06	0.424242424242424	2.94055095485938E-07	0.121212121212121	1.9770318326838E-05	8	1.23564489542737E-06	0.5	0	0	1
47	0	2	5	2	18	0	8	6	4	42	2	1	13731238	13731238	13731238	10960839	10960839	10960839	10936352	10936352	10936352	3469331	3469331	3469331	0	0	1.45653290693818E-07	0.057142857142857	3.64133226734545E-07	0.142857142857143	1.82467783716192E-07	0.071428571428571	1.64221005344573E-06	0.642857142857143	0	0	7.31505350230132E-07	0.285714285714286	5.48629012672599E-07	0.214285714285714	3.65752675115066E-07	0.142857142857143	1.2106080394174E-05	4.66666666666667	5.76480018770189E-07	0.222222222222222	2.88240009385095E-07	0.111111111111111	1
48	1	0	8	0	19	0	3	6	4	57	1	4	15131151	15131151	15131151	11977734	11977734	11977734	8552105	8552105	8552105	2683627	2683627	2683627	6.6088825628665E-08	0.025	0	0	5.2871060502932E-07	0.2	0	0	1.58627666969395E-06	0.612903225806452	0	0	3.50790828690714E-07	0.136363636363636	7.01581657381428E-07	0.272727272727273	4.67721104920952E-07	0.181818181818182	2.12399115078213E-05	8.14285714285714	3.72630026453006E-07	0.142857142857143	1.49052010581202E-06	0.571428571428571	1
49	1	0	12	1	21	0	15	4	2	0	0	0	21024789	21024789	21024789	11284969	11284969	11284969	13198329	13198329	13198329	0	0	0	4.75629030093952E-08	0.021739130434783	0	0	5.70754836112743E-07	0.260869565217391	8.86134467892646E-08	0.04	1.86088238257456E-06	0.84	0	0	1.13650750788225E-06	0.517241379310345	3.03068668768599E-07	0.137931034482759	1.515343343843E-07	0.068965517241379							1
50	0	0	15	2	22	0	24	17	3	96	9	7	16177930	16177930	16177930	9210198	9210198	9210198	14428104	14428104	14428104	6101105	6101105	6101105	0	0	0	0	9.27189077959912E-07	0.428571428571429	2.17150597631017E-07	0.1	2.38865657394119E-06	1.1	0	0	1.66342022486115E-06	0.75	1.17825599260998E-06	0.53125	2.07927528107643E-07	0.09375	1.57348545878165E-05	7.38461538461539	1.47514261760779E-06	0.692307692307692	1.14733314702828E-06	0.538461538461538	1
51	1	0	0	0	14	0	3	5	3	69	7	4	15208109	15208109	15208109	13675634	13675634	13675634	8210459	8210459	8210459	6265804	6265804	6265804	6.57543945798916E-08	0.028571428571429	0	0	0	0	0	0	1.02371853473119E-06	0.451612903225806	0	0	3.65387611094581E-07	0.157894736842105	6.08979351824301E-07	0.263157894736842	3.65387611094581E-07	0.157894736842105	1.10121542263371E-05	4.6	1.11717506644E-06	0.466666666666667	6.38385752251427E-07	0.266666666666667	1
52	0	1	0	2	8	0	4	1	4	31	3	1	6744448	6744448	6744448	4627226	4627226	4627226	3244193	3244193	3244193	2272967	2272967	2272967	0	0	1.48270103053652E-07	0.025641025641026	0	0	4.32224403994964E-07	0.076923076923077	1.72889761597986E-06	0.307692307692308	0	0	1.23297226767951E-06	0.2	3.08243066919878E-07	0.05	1.23297226767951E-06	0.2	1.36385614045431E-05	2.06666666666667	1.31986078108481E-06	0.2	4.39953593694937E-07	0.066666666666667	1
53	1	1	10	2	3	1	4	8	1	22	6	1	9567839	9567839	9567839	9842259	9842259	9842259	5323329	5323329	5323329	4988357	4988357	4988357	1.04516808863527E-07	0.03125	1.04516808863527E-07	0.03125	1.04516808863527E-06	0.3125	2.03205382016466E-07	0.060606060606061	3.04808073024699E-07	0.090909090909091	1.01602691008233E-07	0.03030303030303	7.51409503338982E-07	0.210526315789474	1.50281900667796E-06	0.421052631578947	1.87852375834746E-07	0.052631578947368	4.41026975414951E-06	1.375	1.20280084204078E-06	0.375	2.00466807006796E-07	0.0625	1
54	2	2	13	3	9	0	11	5	5	31	13	5	12550640	12550640	12550640	15596932	15596932	15596932	11667223	11667223	11667223	4965604	4965604	4965604	1.59354423360084E-07	0.071428571428571	1.59354423360084E-07	0.071428571428571	1.03580375184054E-06	0.464285714285714	1.9234552026001E-07	0.085714285714286	5.7703656078003E-07	0.257142857142857	0	0	9.42812184184703E-07	0.423076923076923	4.28550992811229E-07	0.192307692307692	4.28550992811229E-07	0.192307692307692	6.24294647740738E-06	2.81818181818182	2.61800981310632E-06	1.18181818181818	1.00692685119474E-06	0.454545454545455	1
55	3	0	10	1	4	1	6	5	4	97	15	6	14680609	14680609	14680609	13731180	13731180	13731180	7048400	7048400	7048400	11723094	11723094	11723094	2.04351195512393E-07	0.096774193548387	0	0	6.81170651707978E-07	0.32258064516129	7.28269529639841E-08	0.03448275862069	2.91307811855937E-07	0.137931034482759	7.28269529639841E-08	0.03448275862069	8.51257022870439E-07	0.4	7.09380852392032E-07	0.333333333333333	5.67504681913626E-07	0.266666666666667	8.27426616215822E-06	3.88	1.27952569517911E-06	0.6	5.11810278071642E-07	0.24	1
56	1	1	5	0	11	1	5	5	5	49	9	4	14770935	14770935	14770935	16158383	16158383	16158383	10344366	10344366	10344366	7924212	7924212	7924212	6.77005213278645E-08	0.033333333333333	6.77005213278645E-08	0.033333333333333	3.38502606639322E-07	0.166666666666667	0	0	6.80761187551997E-07	0.333333333333333	6.18873806865452E-08	0.03030303030303	4.83354900629E-07	0.238095238095238	4.83354900629E-07	0.238095238095238	4.83354900629E-07	0.238095238095238	6.18358014651804E-06	3.0625	1.13575961874821E-06	0.5625	5.04782052776983E-07	0.25	1
57	2	0	3	0	4	0	12	17	5	53	10	2	17395373	17395373	17395373	13835661	13835661	13835661	12668232	12668232	12668232	7131994	7131994	7131994	1.14973102330143E-07	0.058823529411765	0	0	1.72459653495214E-07	0.088235294117647	0	0	2.89107979734398E-07	0.148148148148148	0	0	9.4725136072658E-07	0.48	1.34193942769599E-06	0.68	3.94688066969408E-07	0.2	7.43130182106154E-06	3.78571428571429	1.40213241906822E-06	0.714285714285714	2.80426483813643E-07	0.142857142857143	1
58	1	2	6	2	8	1	11	10	10	68	6	3	13542148	13542148	13542148	13607669	13607669	13607669	13990713	13990713	13990713	9028478	9028478	9028478	7.38435291063131E-08	0.037037037037037	1.47687058212626E-07	0.074074074074074	4.43061174637879E-07	0.222222222222222	1.46975944226745E-07	0.074074074074074	5.87903776906978E-07	0.296296296296296	7.34879721133722E-08	0.037037037037037	7.86235840875301E-07	0.392857142857143	7.14759855341182E-07	0.357142857142857	7.14759855341182E-07	0.357142857142857	7.53172350865783E-06	3.77777777777778	6.6456383899922E-07	0.333333333333333	3.3228191949961E-07	0.166666666666667	1
59	1	1	2	1	7	0	10	10	5	43	4	0	16584711	16584711	16584711	16715750	16715750	16715750	12549164	12549164	12549164	4532013	4532013	4532013	6.02964983833604E-08	0.03030303030303	6.02964983833604E-08	0.03030303030303	1.20592996766721E-07	0.060606060606061	5.98238188534765E-08	0.03030303030303	4.18766731974336E-07	0.212121212121212	0	0	7.96865831062531E-07	0.4	7.96865831062531E-07	0.4	3.98432915531266E-07	0.2	9.48805751439813E-06	4.77777777777778	8.82610001339361E-07	0.444444444444444	0	0	1
60	1	1	5	0	4	1	17	19	10	74	8	1	14178819	14178819	14178819	13081347	13081347	13081347	16734810	16734810	16734810	8294964	8294964	8294964	7.05277357726338E-08	0.037037037037037	7.05277357726338E-08	0.037037037037037	3.52638678863169E-07	0.185185185185185	0	0	3.05778907936621E-07	0.16	7.64447269841554E-08	0.04	1.01584660955219E-06	0.53125	1.13535797538185E-06	0.59375	5.97556829148344E-07	0.3125	8.921075486283E-06	4.625	9.64440593111676E-07	0.5	1.2055507413896E-07	0.0625	1
61	1	1	8	3	10	1	10	21	6	90	11	3	12207670	12207670	12207670	18667249	18667249	18667249	12265821	12265821	12265821	10056347	10056347	10056347	8.19157136456015E-08	0.043478260869565	8.19157136456015E-08	0.043478260869565	6.55325709164812E-07	0.347826086956522	1.60709272158956E-07	0.085714285714286	5.35697573863187E-07	0.285714285714286	5.35697573863187E-08	0.028571428571429	8.1527359644332E-07	0.434782608695652	1.71207455253097E-06	0.91304347826087	4.89164157865992E-07	0.260869565217391	8.94957184751083E-06	4.73684210526316	1.09383655914021E-06	0.578947368421053	2.98319061583694E-07	0.157894736842105	1
62	1	0	8	2	7	1	19	15	6	79	6	2	16331889	16331889	16331889	16338816	16338816	16338816	10590195	10590195	10590195	9473753	9473753	9473753	6.12299042688816E-08	0.032258064516129	0	0	4.89839234151053E-07	0.258064516129032	1.22407890510549E-07	0.064516129032258	4.2842761678692E-07	0.225806451612903	6.12039452552743E-08	0.032258064516129	1.79411238414401E-06	0.95	1.4164045137979E-06	0.75	5.66561805519162E-07	0.3	8.33882833972978E-06	4.38888888888889	6.33328734663021E-07	0.333333333333333	2.11109578221007E-07	0.111111111111111	1
63	0	2	10	1	9	0	9	13	3	64	6	5	16848540	16848540	16848540	16825217	16825217	16825217	11418135	11418135	11418135	9219608	9219608	9219608	0	0	1.18704647405651E-07	0.064516129032258	5.93523237028253E-07	0.32258064516129	5.94345974854292E-08	0.032258064516129	5.34911377368863E-07	0.290322580645161	0	0	7.88219792461729E-07	0.428571428571429	1.1385397002225E-06	0.619047619047619	2.62739930820576E-07	0.142857142857143	6.9417268066061E-06	3.76470588235294	6.50786888119321E-07	0.352941176470588	5.42322406766101E-07	0.294117647058824	1
64	1	0	3	2	8	0	13	10	6	80	4	4	13908351	13908351	13908351	19927672	19927672	19927672	10119262	10119262	10119262	9624006	9624006	9624006	7.18992495947219E-08	0.038461538461539	0	0	2.15697748784166E-07	0.115384615384615	1.00362952581717E-07	0.054054054054054	4.01451810326866E-07	0.216216216216216	0	0	1.28467866530188E-06	0.68421052631579	9.88214357924521E-07	0.526315789473684	5.92928614754712E-07	0.31578947368421	8.31254677106394E-06	4.44444444444444	4.15627338553197E-07	0.222222222222222	4.15627338553197E-07	0.222222222222222	1
65	1	0	0	1	12	1	13	12	9	104	8	5	14247514	14247514	14247514	17547199	17547199	17547199	14260276	14260276	14260276	8758503	8758503	8758503	7.01876832688145E-08	0.038461538461539	0	0	0	0	5.69891525137431E-08	0.03125	6.83869830164917E-07	0.375	5.69891525137431E-08	0.03125	9.11623309394573E-07	0.5	8.41498439441144E-07	0.461538461538462	6.31123829580858E-07	0.346153846153846	1.18741753014185E-05	6.5	9.13398100109117E-07	0.5	5.70873812568198E-07	0.3125	1
66	0	1	1	0	10	0	15	13	5	86	12	3	15461446	15461446	15461446	15211151	15211151	15211151	12911049	12911049	12911049	8292595	8292595	8292595	0	0	6.46770036903405E-08	0.033333333333333	6.46770036903405E-08	0.033333333333333	0	0	6.57412446960785E-07	0.344827586206897	0	0	1.16179560622843E-06	0.6	1.00688952539798E-06	0.52	3.87265202076144E-07	0.2	1.0370698195197E-05	5.375	1.44707416677168E-06	0.75	3.6176854169292E-07	0.1875	1
67	1	1	5	0	7	0	16	16	5	77	5	4	11834192	11834192	11834192	12477236	12477236	12477236	15379320	15379320	15379320	6456466	6456466	6456466	8.45009105818124E-08	0.038461538461539	8.45009105818124E-08	0.038461538461539	4.22504552909062E-07	0.192307692307692	0	0	5.61021687816116E-07	0.259259259259259	0	0	1.04035809125501E-06	0.484848484848485	1.04035809125501E-06	0.484848484848485	3.25111903517191E-07	0.151515151515152	1.19260288832931E-05	5.5	7.74417459954099E-07	0.357142857142857	6.19533967963279E-07	0.285714285714286	1
68	0	0	5	0	5	1	12	5	2	50	3	4	12974744	12974744	12974744	14530351	14530351	14530351	7244472	7244472	7244472	5624051	5624051	5624051	0	0	0	0	3.85364058050008E-07	0.15625	0	0	3.44107310277639E-07	0.138888888888889	6.88214620555278E-08	0.027777777777778	1.65643541723952E-06	0.666666666666667	6.90181423849799E-07	0.277777777777778	2.7607256953992E-07	0.111111111111111	8.89038879626092E-06	3.57142857142857	5.33423327775655E-07	0.214285714285714	7.11231103700873E-07	0.285714285714286	1
69	1	0	1	2	5	0	6	8	4	63	3	1	12297744	12297744	12297744	6532915	6532915	6532915	7530412	7530412	7530412	5024132	5024132	5024132	8.13157275025403E-08	0.025	0	0	8.13157275025403E-08	0.025	3.0614205144258E-07	0.1	7.65355128606449E-07	0.25	0	0	7.96769154197672E-07	0.25	1.06235887226356E-06	0.333333333333333	5.31179436131781E-07	0.166666666666667	1.25394794563519E-05	3.9375	5.97118069350089E-07	0.1875	1.9903935645003E-07	0.0625	1
70	2	1	4	1	5	0	7	4	6	22	7	2	12551388	12551388	12551388	12074111	12074111	12074111	5187001	5187001	5187001	2915253	2915253	2915253	1.59344926632815E-07	0.052631578947368	7.96724633164077E-08	0.026315789473684	3.18689853265631E-07	0.105263157894737	8.28218325970334E-08	0.027027027027027	4.14109162985167E-07	0.135135135135135	0	0	1.3495274051422E-06	0.4375	7.71158517224115E-07	0.25	1.15673777583617E-06	0.375	7.54651483078827E-06	2.44444444444444	2.40116380979627E-06	0.777777777777778	6.86046802798934E-07	0.222222222222222	1
71	0	0	4	0	3	0	7	6	3	48	8	2	12185396	12185396	12185396	9934383	9934383	9934383	8835468	8835468	8835468	3393228	3393228	3393228	0	0	0	0	3.28261797975215E-07	0.114285714285714	0	0	3.01981512087867E-07	0.103448275862069	0	0	7.92261372006554E-07	0.269230769230769	6.79081176005617E-07	0.230769230769231	3.39540588002809E-07	0.115384615384615	1.41458222082336E-05	4.8	2.3576370347056E-06	0.8	5.89409258676399E-07	0.2	1
72	3	1	8	0	11	0	8	14	3	44	8	2	15299103	15299103	15299103	11544060	11544060	11544060	9234357	9234357	9234357	4009487	4009487	4009487	1.96089927625169E-07	0.078947368421053	6.53633092083895E-08	0.026315789473684	5.22906473667116E-07	0.210526315789474	0	0	9.52871000323976E-07	0.379310344827586	0	0	8.66329945874954E-07	0.347826086956522	1.51607740528117E-06	0.608695652173913	3.24873729703108E-07	0.130434782608696	1.09739724807687E-05	4.4	1.99526772377613E-06	0.8	4.98816930944034E-07	0.2	1
73	3	0	6	1	4	0	4	20	6	30	5	4	13107826	13107826	13107826	13348996	13348996	13348996	12145410	12145410	12145410	3344310	3344310	3344310	2.28870905060839E-07	0.096774193548387	0	0	4.57741810121679E-07	0.193548387096774	7.4912000872575E-08	0.03125	2.996480034903E-07	0.125	0	0	3.29342525283214E-07	0.137931034482759	1.64671262641607E-06	0.689655172413793	4.94013787924821E-07	0.206896551724138	8.97046027431668E-06	3.75	1.49507671238611E-06	0.625	1.19606136990889E-06	0.5	1
74	2	0	5	1	8	0	11	13	2	50	5	3	19134489	19134489	19134489	11406894	11406894	11406894	10563445	10563445	10563445	6537361	6537361	6537361	1.04523303444372E-07	0.05	0	0	2.6130825861093E-07	0.125	8.76662832143439E-08	0.041666666666667	7.01330265714751E-07	0.333333333333333	0	0	1.0413269534702E-06	0.5	1.23065912682842E-06	0.590909090909091	1.89332173358218E-07	0.090909090909091	7.64834617516151E-06	3.57142857142857	7.64834617516151E-07	0.357142857142857	4.5890077050969E-07	0.214285714285714	1
75	1	0	4	0	10	0	11	8	10	101	13	7	14959826	14959826	14959826	15506841	15506841	15506841	13341619	13341619	13341619	9493054	9493054	9493054	6.68456972694736E-08	0.035714285714286	0	0	2.67382789077894E-07	0.142857142857143	0	0	6.44876670883515E-07	0.344827586206897	0	0	8.24487642766594E-07	0.44	5.99627376557523E-07	0.32	7.49534220696904E-07	0.4	1.06393579979636E-05	5.61111111111111	1.36942231656957E-06	0.722222222222222	7.37381247383613E-07	0.388888888888889	1
76	1	0	1	0	11	0	18	13	5	86	10	8	17808399	17808399	17808399	10480236	10480236	10480236	16994252	16994252	16994252	9954374	9954374	9954374	5.61532791353114E-08	0.03125	0	0	5.61532791353114E-08	0.03125	0	0	1.04959468469985E-06	0.578947368421053	0	0	1.05918165742158E-06	0.580645161290323	7.6496453036003E-07	0.419354838709678	2.9421712706155E-07	0.161290322580645	8.63941820952277E-06	4.77777777777778	1.00458351273521E-06	0.555555555555556	8.03666810188165E-07	0.444444444444444	1
77	1	0	10	2	12	0	7	6	6	54	7	7	17373664	17373664	17373664	20818302	20818302	20818302	10631033	10631033	10631033	7292025	7292025	7292025	5.75583826186578E-08	0.032258064516129	0	0	5.75583826186578E-07	0.32258064516129	9.6069314394613E-08	0.054054054054054	5.76415886367678E-07	0.324324324324324	0	0	6.58449653951784E-07	0.368421052631579	5.64385417672958E-07	0.31578947368421	5.64385417672958E-07	0.31578947368421	7.40535036563917E-06	4.15384615384615	9.59952825175449E-07	0.538461538461538	9.59952825175449E-07	0.538461538461538	1
78	4	0	13	0	13	1	5	8	4	63	9	2	20371236	20371236	20371236	15555053	15555053	15555053	10143089	10143089	10143089	7562175	7562175	7562175	1.96355292334741E-07	0.105263157894737	0	0	6.38154700087908E-07	0.342105263157895	0	0	8.35741286127408E-07	0.448275862068966	6.42877912405699E-08	0.03448275862069	4.92946478138957E-07	0.263157894736842	7.88714365022332E-07	0.421052631578947	3.94357182511166E-07	0.210526315789474	8.3309365361156E-06	4.5	1.19013379087366E-06	0.642857142857143	2.64474175749702E-07	0.142857142857143	1
79	2	0	5	0	14	0	15	15	3	10	2	3	19918951	19918951	19918951	15672635	15672635	15672635	15199289	15199289	15199289	1577783	1577783	1577783	1.00406893917255E-07	0.052631578947368	0	0	2.51017234793137E-07	0.131578947368421	0	0	8.93276720857724E-07	0.466666666666667	0	0	9.86888268260443E-07	0.517241379310345	9.86888268260443E-07	0.517241379310345	1.97377653652089E-07	0.103448275862069	6.33800719110296E-06	3.33333333333333	1.26760143822059E-06	0.666666666666667	1.90140215733089E-06	1	1
80	0	1	6	3	7	1	10	16	2	66	2	4	19883819	19883819	19883819	14149267	14149267	14149267	11089299	11089299	11089299	5593761	5593761	5593761	0	0	5.02921496117019E-08	0.025641025641026	3.01752897670211E-07	0.153846153846154	2.12025117626235E-07	0.107142857142857	4.94725274461214E-07	0.25	7.06750392087449E-08	0.035714285714286	9.01770256172189E-07	0.454545454545455	1.4428324098755E-06	0.727272727272727	1.80354051234438E-07	0.090909090909091	1.17988594793378E-05	6	3.57541196343569E-07	0.181818181818182	7.15082392687138E-07	0.363636363636364	1
81	0	1	3	2	7	1	8	15	0	20	5	1	16790751	16790751	16790751	15245157	15245157	15245157	14709731	14709731	14709731	2454448	2454448	2454448	0	0	5.95565975577864E-08	0.029411764705882	1.78669792673359E-07	0.088235294117647	1.31189203233525E-07	0.064516129032258	4.59162211317338E-07	0.225806451612903	6.55946016167626E-08	0.032258064516129	5.43857668097398E-07	0.266666666666667	1.01973312768262E-06	0.5	0	0	8.14847167265308E-06	4	2.03711791816327E-06	1	4.07423583632654E-07	0.2	1
82	5	0	11	0	15	3	13	18	7	56	4	1	17300660	17300660	17300660	13372678	13372678	13372678	12992418	12992418	12992418	4316967	4316967	4316967	2.89006315366003E-07	0.138888888888889	0	0	6.35813893805207E-07	0.305555555555556	0	0	1.12169006088384E-06	0.535714285714286	2.24338012176768E-07	0.107142857142857	1.00058357112587E-06	0.481481481481482	1.38542340617428E-06	0.666666666666667	5.38775769067775E-07	0.259259259259259	1.29720704374159E-05	6.22222222222222	9.26576459815421E-07	0.444444444444444	2.31644114953855E-07	0.111111111111111	1
83	5	0	8	1	16	0	8	9	5	77	6	1	16806357	16806357	16806357	11450582	11450582	11450582	13842093	13842093	13842093	5824600	5824600	5824600	2.97506473294599E-07	0.142857142857143	0	0	4.76010357271359E-07	0.228571428571429	8.73318054925069E-08	0.041666666666667	1.39730888788011E-06	0.666666666666667	0	0	5.77947280082571E-07	0.275862068965517	6.50190690092893E-07	0.310344827586207	3.61217050051607E-07	0.172413793103448	1.32197919170415E-05	6.41666666666667	1.03011365587336E-06	0.5	1.71685609312227E-07	0.083333333333333	1
84	0	0	2	1	16	0	9	7	6	48	3	1	15027631	15027631	15027631	15513814	15513814	15513814	12304941	12304941	12304941	4216176	4216176	4216176	0	0	0	0	1.33088176040522E-07	0.0625	6.44586817915955E-08	0.03030303030303	1.03133890866553E-06	0.484848484848485	0	0	7.31413502917243E-07	0.346153846153846	5.68877168935633E-07	0.269230769230769	4.87609001944829E-07	0.230769230769231	1.13847239773672E-05	5.33333333333333	7.11545248585448E-07	0.333333333333333	2.37181749528483E-07	0.111111111111111	1
85	2	1	5	0	12	0	10	11	5	96	6	1	16237351	16237351	16237351	12072549	12072549	12072549	11535021	11535021	11535021	6479383	6479383	6479383	1.23172800785054E-07	0.057142857142857	6.15864003925271E-08	0.028571428571429	3.07932001962635E-07	0.142857142857143	0	0	9.93990581442246E-07	0.461538461538462	0	0	8.66925166412788E-07	0.4	9.53617683054067E-07	0.44	4.33462583206394E-07	0.2	1.48162255572791E-05	6.85714285714286	9.26014097329946E-07	0.428571428571429	1.54335682888324E-07	0.071428571428571	1
86	0	1	8	2	14	1	9	7	6	55	5	2	13710887	13710887	13710887	16391332	16391332	16391332	10113055	10113055	10113055	3972858	3972858	3972858	0	0	7.29347415670482E-08	0.032258064516129	5.83477932536385E-07	0.258064516129032	1.22015709278538E-07	0.054054054054054	8.54109964949767E-07	0.378378378378378	6.10078546392691E-08	0.027027027027027	8.89938796931293E-07	0.391304347826087	6.9217461983545E-07	0.304347826086957	5.93292531287529E-07	0.260869565217391	1.38439380415812E-05	6.11111111111111	1.25853982196192E-06	0.555555555555556	5.03415928784769E-07	0.222222222222222	1
87	0	1	2	1	12	2	15	10	5	64	5	8	13562867	13562867	13562867	11809869	11809869	11809869	13105052	13105052	13105052	5247066	5247066	5247066	0	0	7.37307237474201E-08	0.032258064516129	1.4746144749484E-07	0.064516129032258	8.46749443198735E-08	0.037037037037037	1.01609933183848E-06	0.444444444444444	1.69349888639747E-07	0.074074074074074	1.14459675551078E-06	0.5	7.6306450367385E-07	0.333333333333333	3.81532251836925E-07	0.166666666666667	1.21972927346445E-05	5.33333333333333	9.52913494894099E-07	0.416666666666667	1.52466159183056E-06	0.666666666666667	1
88	3	0	6	2	14	0	8	10	0	61	6	7	15354000	15354000	15354000	13589057	13589057	13589057	9629317	9629317	9629317	5317119	5317119	5317119	1.95388823759281E-07	0.085714285714286	0	0	3.90777647518562E-07	0.171428571428571	1.47177247104048E-07	0.064516129032258	1.03024072972834E-06	0.451612903225806	0	0	8.30796202887495E-07	0.363636363636364	1.03849525360937E-06	0.454545454545455	0	0	1.14723781807404E-05	5.08333333333333	1.12843064072856E-06	0.5	1.31650241418332E-06	0.583333333333333	1
89	2	1	5	3	9	1	8	9	9	73	5	2	13317250	13317250	13317250	15170874	15170874	15170874	11092840	11092840	11092840	7015340	7015340	7015340	1.50181156019448E-07	0.068965517241379	7.50905780097242E-08	0.03448275862069	3.75452890048621E-07	0.172413793103448	1.97747341385869E-07	0.09375	5.93242024157606E-07	0.28125	6.59157804619563E-08	0.03125	7.21185918123763E-07	0.333333333333333	8.11334157889233E-07	0.375	8.11334157889233E-07	0.375	1.04057679314189E-05	4.86666666666667	7.127238309191E-07	0.333333333333333	2.8508953236764E-07	0.133333333333333	1
90	1	0	4	1	10	0	15	15	7	74	6	1	13490294	13490294	13490294	12493909	12493909	12493909	15941978	15941978	15941978	7983920	7983920	7983920	7.412736890686E-08	0.037037037037037	0	0	2.9650947562744E-07	0.148148148148148	8.00390014046044E-08	0.04	8.00390014046045E-07	0.4	0	0	9.40912100117062E-07	0.46875	9.40912100117062E-07	0.46875	4.39092313387962E-07	0.21875	9.26862994619185E-06	4.625	7.51510536177717E-07	0.375	1.2525175602962E-07	0.0625	1
91	1	1	2	2	12	0	22	6	4	60	9	5	17490629	17490629	17490629	14166247	14166247	14166247	10695666	10695666	10695666	6341606	6341606	6341606	5.71734727207352E-08	0.027777777777778	5.71734727207352E-08	0.027777777777778	1.1434694544147E-07	0.055555555555556	1.41180652857458E-07	0.068965517241379	8.47083917144746E-07	0.413793103448276	0	0	2.05690791017595E-06	1	5.60974884593442E-07	0.272727272727273	3.73983256395628E-07	0.181818181818182	9.46132572726846E-06	4.61538461538462	1.41919885909027E-06	0.692307692307692	7.88443810605705E-07	0.384615384615385	1
92	0	0	6	0	12	1	12	12	2	67	2	5	12975234	12975234	12975234	17659145	17659145	17659145	12431930	12431930	12431930	4783472	4783472	4783472	0	0	0	0	4.62419406077763E-07	0.222222222222222	0	0	6.79534598079352E-07	0.324324324324324	5.66278831732793E-08	0.027027027027027	9.65256400253219E-07	0.461538461538462	9.65256400253219E-07	0.461538461538462	1.6087606670887E-07	0.076923076923077	1.40065625972097E-05	6.7	4.18106346185365E-07	0.2	1.04526586546341E-06	0.5	1
93	0	1	3	0	16	0	10	6	6	68	4	3	15187652	15187652	15187652	15995784	15995784	15995784	11701529	11701529	11701529	5706288	5706288	5706288	0	0	6.58429624276353E-08	0.032258064516129	1.97528887282906E-07	0.096774193548387	0	0	1.00026356945055E-06	0.484848484848485	0	0	8.54589173773787E-07	0.416666666666667	5.12753504264272E-07	0.25	5.12753504264272E-07	0.25	1.19166785833453E-05	5.66666666666667	7.00981093137956E-07	0.333333333333333	5.25735819853467E-07	0.25	1
94	2	0	5	0	13	0	12	10	6	98	10	4	10447043	10447043	10447043	16148933	16148933	16148933	9878224	9878224	9878224	8683329	8683329	8683329	1.91441731406677E-07	0.08695652173913	0	0	4.78604328516691E-07	0.217391304347826	0	0	8.0500674564691E-07	0.361111111111111	0	0	1.21479326648191E-06	0.545454545454545	1.01232772206826E-06	0.454545454545455	6.07396633240955E-07	0.272727272727273	1.12859941158512E-05	5.15789473684211	1.15163205263788E-06	0.526315789473684	4.60652821055151E-07	0.210526315789474	1
95	2	2	5	2	25	0	13	9	5	46	5	4	15887778	15887778	15887778	15888424	15888424	15888424	6864346	6864346	6864346	4296295	4296295	4296295	1.25882927115422E-07	0.054054054054054	1.25882927115422E-07	0.054054054054054	3.14707317788554E-07	0.135135135135135	1.25877808900367E-07	0.054054054054054	1.57347261125458E-06	0.675675675675676	0	0	1.89384392919588E-06	0.8125	1.31112272021253E-06	0.5625	7.28401511229183E-07	0.3125	1.07068997822542E-05	4.6	1.16379345459285E-06	0.5	9.31034763674282E-07	0.4	1
96	1	0	5	0	11	0	17	21	3	76	5	3	13914911	13914911	13914911	10545047	10545047	10545047	11805141	11805141	11805141	5930067	5930067	5930067	7.18653536483273E-08	0.03030303030303	0	0	3.59326768241637E-07	0.151515151515152	0	0	1.04314376218522E-06	0.44	0	0	1.44005056779923E-06	0.607142857142857	1.7788859955167E-06	0.75	2.541265707881E-07	0.107142857142857	1.28160440683048E-05	5.42857142857143	8.43160793967421E-07	0.357142857142857	5.05896476380452E-07	0.214285714285714	1
97	1	0	5	0	15	0	12	9	9	45	1	4	12604369	12604369	12604369	16036914	16036914	16036914	9594765	9594765	9594765	3795453	3795453	3795453	7.93375693777293E-08	0.033333333333333	0	0	3.96687846888646E-07	0.166666666666667	0	0	9.35342048975258E-07	0.394736842105263	0	0	1.25068201253496E-06	0.521739130434783	9.3801150940122E-07	0.391304347826087	9.3801150940122E-07	0.391304347826087	1.18562922528615E-05	5	2.634731611747E-07	0.111111111111111	1.0538926446988E-06	0.444444444444444	1
98	1	1	10	1	10	1	8	4	3	56	6	3	16938601	16938601	16938601	12229921	12229921	12229921	7373845	7373845	7373845	4597234	4597234	4597234	5.90367527991243E-08	0.024390243902439	5.90367527991243E-08	0.024390243902439	5.90367527991243E-07	0.24390243902439	8.17666769883469E-08	0.033333333333333	8.17666769883469E-07	0.333333333333333	8.17666769883469E-08	0.033333333333333	1.08491567153907E-06	0.444444444444444	5.42457835769534E-07	0.222222222222222	4.06843376827151E-07	0.166666666666667	1.21812376746539E-05	5.09090909090909	1.30513260799864E-06	0.545454545454545	6.52566303999318E-07	0.272727272727273	1
99	10	0	7	4	9	0	11	4	2	58	2	5	15414123	15414123	15414123	15455895	15455895	15455895	6920393	6920393	6920393	5109273	5109273	5109273	6.48755689830683E-07	0.277777777777778	0	0	4.54128982881478E-07	0.194444444444444	2.58800930001142E-07	0.111111111111111	5.82302092502569E-07	0.25	0	0	1.58950510469564E-06	0.6875	5.78001856252961E-07	0.25	2.89000928126481E-07	0.125	1.13519085787743E-05	4.83333333333333	3.91445123406011E-07	0.166666666666667	9.78612808515028E-07	0.416666666666667	1
100	1	1	6	0	20	0	9	10	3	63	9	7	12343193	12343193	12343193	16043169	16043169	16043169	12216316	12216316	12216316	5072021	5072021	5072021	8.10163140121037E-08	0.037037037037037	8.10163140121037E-08	0.037037037037037	4.86097884072622E-07	0.222222222222222	0	0	1.24663649681681E-06	0.571428571428571	0	0	7.36719646086431E-07	0.333333333333333	8.18577384540479E-07	0.37037037037037	2.45573215362144E-07	0.111111111111111	1.2421084218697E-05	5.72727272727273	1.77444060267101E-06	0.818181818181818	1.38012046874412E-06	0.636363636363636	1
101	0	0	10	1	13	1	15	14	6	69	8	4	13575454	13575454	13575454	13167531	13167531	13167531	16058715	16058715	16058715	6071712	6071712	6071712	0	0	0	0	7.36623614945033E-07	0.357142857142857	7.5944381676413E-08	0.037037037037037	9.87276961793369E-07	0.481481481481482	7.5944381676413E-08	0.037037037037037	9.34072246751997E-07	0.454545454545455	8.71800763635198E-07	0.424242424242424	3.73628898700799E-07	0.181818181818182	1.13641753759072E-05	5.75	1.31758555082982E-06	0.666666666666667	6.58792775414908E-07	0.333333333333333	1
102	0	0	6	4	12	0	18	19	4	54	3	2	17841527	17841527	17841527	12354010	12354010	12354010	12856088	12856088	12856088	4895808	4895808	4895808	0	0	0	0	3.36294085141928E-07	0.162162162162162	3.23781508999912E-07	0.153846153846154	9.71344526999735E-07	0.461538461538462	0	0	1.4001148716468E-06	0.666666666666667	1.47789903118274E-06	0.703703703703704	3.11136638143734E-07	0.148148148148148	1.10298443076199E-05	5.4	6.12769128201106E-07	0.3	4.08512752134071E-07	0.2	1
103	2	0	4	0	9	0	7	8	3	43	4	3	19226539	19226539	19226539	12782506	12782506	12782506	13172431	13172431	13172431	3941019	3941019	3941019	1.04022882121426E-07	0.051282051282051	0	0	2.08045764242852E-07	0.102564102564103	0	0	7.04087289299923E-07	0.346153846153846	0	0	5.31412918389931E-07	0.259259259259259	6.07329049588493E-07	0.296296296296296	2.27748393595685E-07	0.111111111111111	1.09108837079953E-05	5.375	1.01496592632515E-06	0.5	7.61224444743859E-07	0.375	1
104	3	0	4	0	19	1	8	10	5	43	5	6	17126209	17126209	17126209	14686793	14686793	14686793	10964417	10964417	10964417	2754996	2754996	2754996	1.75170114997429E-07	0.081081081081081	0	0	2.33560153329905E-07	0.108108108108108	0	0	1.29367929404329E-06	0.59375	6.80883838970155E-08	0.03125	7.29632957228825E-07	0.32	9.12041196536031E-07	0.4	4.56020598268016E-07	0.2	1.56080081422986E-05	7.16666666666667	1.81488466770914E-06	0.833333333333333	2.17786160125096E-06	1	1
105	2	0	5	0	8	0	11	9	7	32	4	2	19978861	19978861	19978861	11472695	11472695	11472695	11977203	11977203	11977203	2773504	2773504	2773504	1.00105806832532E-07	0.046511627906977	0	0	2.50264517081329E-07	0.116279069767442	0	0	6.97307825231997E-07	0.32	0	0	9.18411418759455E-07	0.423076923076923	7.51427524439554E-07	0.346153846153846	5.84443630119653E-07	0.269230769230769	1.15377515229832E-05	5.33333333333333	1.4422189403729E-06	0.666666666666667	7.2110947018645E-07	0.333333333333333	1
106	0	0	13	0	21	0	5	11	0	54	7	1	16667479	16667479	16667479	14264560	14264560	14264560	10259613	10259613	10259613	5129147	5129147	5129147	0	0	0	0	7.79961984652868E-07	0.361111111111111	0	0	1.47218000415015E-06	0.67741935483871	0	0	4.87347817115519E-07	0.227272727272727	1.07216519765414E-06	0.5	0	0	1.05280663626915E-05	4.90909090909091	1.36474934331186E-06	0.636363636363636	1.94964191901694E-07	0.090909090909091	1
107	2	2	5	0	18	1	10	11	5	57	3	0	14214106	14214106	14214106	17054182	17054182	17054182	12718707	12718707	12718707	4832287	4832287	4832287	1.40705296555408E-07	0.068965517241379	1.40705296555408E-07	0.068965517241379	3.51763241388519E-07	0.172413793103448	0	0	1.05545959342993E-06	0.514285714285714	5.86366440794405E-08	0.028571428571429	7.86243444400441E-07	0.384615384615385	8.64867788840485E-07	0.423076923076923	3.93121722200221E-07	0.192307692307692	1.1795657004644E-05	5.7	6.20824052875999E-07	0.3	0	0	1
108	2	1	5	0	9	2	4	12	4	52	4	5	16428324	16428324	16428324	15956769	15956769	15956769	10225505	10225505	10225505	5769571	5769571	5769571	1.21740963959562E-07	0.058823529411765	6.08704819797808E-08	0.029411764705882	3.04352409898904E-07	0.147058823529412	0	0	5.64023957481618E-07	0.272727272727273	1.25338657218137E-07	0.060606060606061	3.91178724180371E-07	0.190476190476191	1.17353617254111E-06	0.571428571428571	3.91178724180371E-07	0.190476190476191	9.01280181836743E-06	4.33333333333333	6.93292447566726E-07	0.333333333333333	8.66615559458407E-07	0.416666666666667	1
109	0	1	6	0	19	0	20	9	3	138	8	8	16012940	16012940	16012940	16039566	16039566	16039566	10832762	10832762	10832762	8838724	8838724	8838724	0	0	6.24494939717504E-08	0.032258064516129	3.74696963830502E-07	0.193548387096774	0	0	1.18457070471857E-06	0.612903225806452	0	0	1.84625121460252E-06	0.952380952380952	8.30813046571133E-07	0.428571428571429	2.76937682190378E-07	0.142857142857143	1.56131133860498E-05	8.11764705882353	9.05108022379701E-07	0.470588235294118	9.05108022379701E-07	0.470588235294118	1
110	2	1	8	0	17	1	12	15	9	60	7	4	15225765	15225765	15225765	15198402	15198402	15198402	14648477	14648477	14648477	3962972	3962972	3962972	1.31356289815323E-07	0.064516129032258	6.56781449076615E-08	0.032258064516129	5.25425159261292E-07	0.258064516129032	0	0	1.11853864636559E-06	0.548387096774194	6.57963909626815E-08	0.032258064516129	8.1919779100585E-07	0.4	1.02399723875731E-06	0.5	6.14398343254387E-07	0.3	1.51401523906805E-05	7.5	1.76635111224606E-06	0.875	1.00934349271204E-06	0.5	1
111	0	0	4	2	17	0	10	10	1	83	8	6	18273235	18273235	18273235	14095237	14095237	14095237	13564757	13564757	13564757	6155580	6155580	6155580	0	0	0	0	2.18899390283111E-07	0.114285714285714	1.41891902917276E-07	0.074074074074074	1.20608117479685E-06	0.62962962962963	0	0	7.37204507238869E-07	0.384615384615385	7.37204507238869E-07	0.384615384615385	7.37204507238869E-08	0.038461538461539	1.34837009672525E-05	6.91666666666667	1.29963382816891E-06	0.666666666666667	9.74725371126685E-07	0.5	1
112	3	1	2	1	11	1	17	18	4	85	5	2	17293474	17293474	17293474	11579836	11579836	11579836	17363939	17363939	17363939	6446636	6446636	6446636	1.73475844124784E-07	0.090909090909091	5.78252813749279E-08	0.03030303030303	1.15650562749856E-07	0.060606060606061	8.63570088557385E-08	0.045454545454546	9.49927097413124E-07	0.5	8.63570088557385E-08	0.045454545454546	9.79040527613003E-07	0.515151515151515	1.03663114688436E-06	0.545454545454545	2.30362477085412E-07	0.121212121212121	1.3185171304848E-05	7.08333333333333	7.75598312049882E-07	0.416666666666667	3.10239324819953E-07	0.166666666666667	1
113	1	0	5	2	16	0	13	9	8	104	14	4	15014433	15014433	15014433	12630285	12630285	12630285	13036790	13036790	13036790	7981080	7981080	7981080	6.66025816625909E-08	0.032258064516129	0	0	3.33012908312955E-07	0.161290322580645	1.58349554265798E-07	0.076923076923077	1.26679643412639E-06	0.615384615384615	0	0	9.97177986298775E-07	0.481481481481482	6.90353990514536E-07	0.333333333333333	6.13647991568477E-07	0.296296296296296	1.30308178842964E-05	6.5	1.75414856134759E-06	0.875	5.01185303242168E-07	0.25	1
114	0	0	10	0	23	1	6	9	0	32	3	2	15639011	15639011	15639011	19183977	19183977	19183977	6531296	6531296	6531296	2172329	2172329	2172329	0	0	0	0	6.39426623588921E-07	0.277777777777778	0	0	1.19891720053668E-06	0.522727272727273	5.21268348059425E-08	0.022727272727273	9.18653816945366E-07	0.4	1.37798072541805E-06	0.6	0	0	1.47307336964152E-05	6.4	1.38100628403893E-06	0.6	9.20670856025952E-07	0.4	1
115	0	1	8	1	9	1	12	25	2	31	6	1	15760268	15760268	15760268	8331747	8331747	8331747	14894504	14894504	14894504	2487863	2487863	2487863	0	0	6.34506976658011E-08	0.026315789473684	5.07605581326409E-07	0.210526315789474	1.20022847549259E-07	0.05	1.08020562794334E-06	0.45	1.20022847549259E-07	0.05	8.05666304832977E-07	0.333333333333333	1.67847146840204E-06	0.694444444444444	1.34277717472163E-07	0.055555555555556	1.2460493202399E-05	5.16666666666667	2.41170836175465E-06	1	4.01951393625774E-07	0.166666666666667	1
116	1	1	6	2	7	0	8	11	4	69	3	7	17302159	17302159	17302159	10303402	10303402	10303402	8235527	8235527	8235527	5359799	5359799	5359799	5.77962553690554E-08	0.023809523809524	5.77962553690554E-08	0.023809523809524	3.46777532214332E-07	0.142857142857143	1.94110644231876E-07	0.08	6.79387254811566E-07	0.28	0	0	9.71401101593134E-07	0.4	1.33567651469056E-06	0.55	4.85700550796567E-07	0.2	1.2873617088999E-05	5.30769230769231	5.59722482130393E-07	0.230769230769231	1.30601912497092E-06	0.538461538461538	1
117	0	0	6	1	23	0	6	2	0	59	7	2	13152398	13152398	13152398	14786126	14786126	14786126	7416338	7416338	7416338	5751841	5751841	5751841	0	0	0	0	4.56190574524889E-07	0.1875	6.76309670294978E-08	0.027777777777778	1.55551224167845E-06	0.638888888888889	0	0	8.09024615652631E-07	0.333333333333333	2.6967487188421E-07	0.111111111111111	0	0	1.02575853539762E-05	4.21428571428571	1.21700165216667E-06	0.5	3.47714757761906E-07	0.142857142857143	1
118	1	0	5	2	25	0	9	10	3	44	4	1	15683952	15683952	15683952	14173727	14173727	14173727	11390755	11390755	11390755	2553927	2553927	2553927	6.37594402227194E-08	0.027777777777778	0	0	3.18797201113597E-07	0.138888888888889	1.41106146604912E-07	0.0625	1.7638268325614E-06	0.78125	0	0	7.90114439297483E-07	0.346153846153846	8.77904932552759E-07	0.384615384615385	2.63371479765828E-07	0.115384615384615	1.72283702705676E-05	7.33333333333333	1.56621547914251E-06	0.666666666666667	3.91553869785628E-07	0.166666666666667	1
119	1	1	4	0	14	0	9	16	3	12	0	1	15112849	15112849	15112849	12837783	12837783	12837783	12731470	12731470	12731470	781425	781425	781425	6.61688606827211E-08	0.027777777777778	6.61688606827211E-08	0.027777777777778	2.64675442730884E-07	0.111111111111111	0	0	1.09053097407862E-06	0.451612903225806	0	0	7.06909728413137E-07	0.290322580645161	1.2567284060678E-06	0.516129032258065	2.35636576137712E-07	0.096774193548387	1.53565601305308E-05	6	0	0	1.2797133442109E-06	0.5	1
120	2	1	3	0	12	0	5	3	4	58	6	2	16977093	16977093	16977093	13907663	13907663	13907663	8062031	8062031	8062031	3409125	3409125	3409125	1.17805798672364E-07	0.05	5.8902899336182E-08	0.025	1.76708698008546E-07	0.075	0	0	8.6283367665725E-07	0.363636363636364	0	0	6.20191115613423E-07	0.263157894736842	3.72114669368054E-07	0.157894736842105	4.96152892490738E-07	0.210526315789474	1.70131632017013E-05	7.25	1.759982400176E-06	0.75	5.86660800058666E-07	0.25	1
121	1	0	4	0	23	0	13	11	1	48	1	2	13712167	13712167	13712167	15396881	15396881	15396881	10286007	10286007	10286007	3425366	3425366	3425366	7.29279332726913E-08	0.03125	0	0	2.91711733090765E-07	0.125	0	0	1.49380903833705E-06	0.638888888888889	0	0	1.26385292174116E-06	0.541666666666667	1.06941401070406E-06	0.458333333333333	9.72194555185506E-08	0.041666666666667	1.4013101081753E-05	6	2.91939605869854E-07	0.125	5.83879211739709E-07	0.25	1
122	2	0	9	3	15	0	8	12	4	76	5	2	11628734	11628734	11628734	15764248	15764248	15764248	11185335	11185335	11185335	6119962	6119962	6119962	1.71987767542021E-07	0.076923076923077	0	0	7.73944953939096E-07	0.346153846153846	1.90304034800772E-07	0.085714285714286	9.5152017400386E-07	0.428571428571429	0	0	7.15222208364792E-07	0.32	1.07283331254719E-06	0.48	3.57611104182396E-07	0.16	1.24183777611691E-05	5.42857142857143	8.1699853691902E-07	0.357142857142857	3.26799414767608E-07	0.142857142857143	1
123	2	0	4	0	10	0	19	10	4	127	16	10	15800408	15800408	15800408	11281497	11281497	11281497	11860596	11860596	11860596	10296653	10296653	10296653	1.2657900985848E-07	0.0625	0	0	2.53158019716959E-07	0.125	0	0	8.8640718514573E-07	0.434782608695652	0	0	1.60194310640039E-06	0.791666666666667	8.43127950737046E-07	0.416666666666667	3.37251180294818E-07	0.166666666666667	1.23341050727843E-05	6.04761904761905	1.55390300129566E-06	0.761904761904762	9.7118937580979E-07	0.476190476190476	1
124	1	0	5	2	14	1	11	6	4	64	10	2	17599505	17599505	17599505	14817195	14817195	14817195	12213555	12213555	12213555	4416861	4416861	4416861	5.68197798744908E-08	0.027777777777778	0	0	2.84098899372454E-07	0.138888888888889	1.34978314046619E-07	0.066666666666667	9.44848198326336E-07	0.466666666666667	6.74891570233097E-08	0.033333333333333	9.0063867563539E-07	0.44	4.91257459437486E-07	0.24	3.27504972958324E-07	0.16	1.44899284808827E-05	7.11111111111111	2.26405132513792E-06	1.11111111111111	4.52810265027584E-07	0.222222222222222	1
125	1	0	4	0	9	0	13	14	4	98	13	4	20039884	20039884	20039884	11121469	11121469	11121469	16586695	16586695	16586695	7760430	7760430	7760430	4.99004884459411E-08	0.027777777777778	0	0	1.99601953783764E-07	0.111111111111111	0	0	8.09245613146968E-07	0.45	0	0	7.83760719058257E-07	0.433333333333333	8.44050005139662E-07	0.466666666666667	2.41157144325618E-07	0.133333333333333	1.2628166222748E-05	7	1.67516490709922E-06	0.928571428571429	5.15435356030529E-07	0.285714285714286	1
126	2	0	6	1	20	0	11	22	8	84	14	10	15276074	15276074	15276074	18182224	18182224	18182224	15966734	15966734	15966734	6778584	6778584	6778584	1.30923691519169E-07	0.074074074074074	0	0	3.92771074557507E-07	0.222222222222222	5.49987724273994E-08	0.03125	1.09997544854799E-06	0.625	0	0	6.88932376527348E-07	0.379310344827586	1.3778647530547E-06	0.758620689655172	5.01041728383525E-07	0.275862068965517	1.23919685881299E-05	7	2.06532809802165E-06	1.16666666666667	1.47523435572975E-06	0.833333333333333	1
127	2	1	5	1	21	3	18	11	6	105	12	5	20682771	20682771	20682771	14454838	14454838	14454838	14517446	14517446	14517446	7883480	7883480	7883480	9.66988417557783E-08	0.055555555555556	4.83494208778891E-08	0.027777777777778	2.41747104389446E-07	0.138888888888889	6.91809897834898E-08	0.04	1.45280078545329E-06	0.84	2.07542969350469E-07	0.12	1.23988751189431E-06	0.72	7.57709035046523E-07	0.44	4.13295837298103E-07	0.24	1.33189911054509E-05	7.5	1.52217041205153E-06	0.857142857142857	6.34237671688138E-07	0.357142857142857	1
128	0	0	5	2	19	1	16	17	3	98	8	4	15095376	15095376	15095376	14469686	14469686	14469686	17696555	17696555	17696555	6557323	6557323	6557323	0	0	0	0	3.3122725793647E-07	0.178571428571429	1.38220000074639E-07	0.074074074074074	1.31309000070907E-06	0.703703703703704	6.91100000373194E-08	0.037037037037037	9.04130775735729E-07	0.484848484848485	9.60638949219212E-07	0.515151515151515	1.69524520450449E-07	0.090909090909091	1.49451231851779E-05	8.16666666666667	1.22001005593289E-06	0.666666666666667	6.10005027966443E-07	0.333333333333333	1
129	3	3	5	1	12	0	19	23	6	87	6	3	22168188	22168188	22168188	10446383	10446383	10446383	15962045	15962045	15962045	6618678	6618678	6618678	1.35329058017732E-07	0.075	1.35329058017732E-07	0.075	2.25548430029554E-07	0.125	9.57269133249279E-08	0.052631578947368	1.14872295989913E-06	0.631578947368421	0	0	1.19032367093314E-06	0.655172413793103	1.4409181279717E-06	0.793103448275862	3.75891685557834E-07	0.206896551724138	1.3144618910302E-05	7.25	9.06525442089795E-07	0.5	4.53262721044898E-07	0.25	1
130	1	0	2	2	22	0	17	18	5	92	7	6	19260682	19260682	19260682	13197191	13197191	13197191	15911753	15911753	15911753	6555496	6555496	6555496	5.19192414889566E-08	0.028571428571429	0	0	1.03838482977913E-07	0.057142857142857	1.51547401261375E-07	0.083333333333333	1.66702141387512E-06	0.916666666666667	0	0	1.06839265290254E-06	0.586206896551724	1.13123927954387E-06	0.620689655172414	3.1423313320663E-07	0.172413793103448	1.40340258006412E-05	7.66666666666667	1.06780631091835E-06	0.583333333333333	9.15262552215729E-07	0.5	1
131	1	0	0	2	28	1	14	19	5	73	7	7	19283667	19283667	19283667	12658279	12658279	12658279	16169539	16169539	16169539	4780206	4780206	4780206	5.18573567983724E-08	0.027777777777778	0	0	0	0	1.5799936152458E-07	0.083333333333333	2.21199106134412E-06	1.16666666666667	7.899968076229E-08	0.041666666666667	8.65825550128547E-07	0.451612903225806	1.17504896088874E-06	0.612903225806452	3.09223410760195E-07	0.161290322580645	1.5271308391312E-05	8.11111111111111	1.46437203752307E-06	0.777777777777778	1.46437203752307E-06	0.777777777777778	1
132	0	0	6	0	25	0	11	19	6	99	8	1	16389953	16389953	16389953	15841809	15841809	15841809	14323500	14323500	14323500	6358815	6358815	6358815	0	0	0	0	3.66077925909855E-07	0.193548387096774	0	0	1.57810260179251E-06	0.833333333333333	0	0	7.67968722728384E-07	0.407407407407407	1.32649143016721E-06	0.703703703703704	4.18892030579118E-07	0.222222222222222	1.55689385522303E-05	8.25	1.25809604462467E-06	0.666666666666667	1.57262005578083E-07	0.083333333333333	1
133	2	0	5	2	21	0	11	11	3	25	3	2	22383691	22383691	22383691	12740335	12740335	12740335	12205197	12205197	12205197	3597042	3597042	3597042	8.93507688253917E-08	0.045454545454546	0	0	2.23376922063479E-07	0.113636363636364	1.56981743415695E-07	0.08	1.6483083058648E-06	0.84	0	0	9.01255424226254E-07	0.458333333333333	9.01255424226254E-07	0.458333333333333	2.45796933879887E-07	0.125	6.95015515526369E-06	3.57142857142857	8.34018618631642E-07	0.428571428571429	5.56012412421095E-07	0.285714285714286	1
134	1	0	7	1	20	5	15	13	5	43	2	4	13985279	13985279	13985279	15539391	15539391	15539391	15954184	15954184	15954184	2908282	2908282	2908282	7.15037576297191E-08	0.03448275862069	0	0	5.00526303408034E-07	0.241379310344828	6.43525862757427E-08	0.03125	1.28705172551485E-06	0.625	3.21762931378714E-07	0.15625	9.40192240480616E-07	0.454545454545455	8.14833275083201E-07	0.393939393939394	3.13397413493539E-07	0.151515151515152	1.47853612545138E-05	7.16666666666667	6.87691221140178E-07	0.333333333333333	1.37538244228036E-06	0.666666666666667	1
135	1	3	6	1	17	0	15	13	9	33	5	2	19225282	19225282	19225282	10566174	10566174	10566174	12417287	12417287	12417287	3746760	3746760	3746760	5.20148417068733E-08	0.023809523809524	1.5604452512062E-07	0.071428571428571	3.1208905024124E-07	0.142857142857143	9.46416366037508E-08	0.043478260869565	1.60890782226376E-06	0.739130434782609	0	0	1.20799334025218E-06	0.555555555555556	1.04692756155189E-06	0.481481481481482	7.24796004151309E-07	0.333333333333333	8.80760977484547E-06	4.125	1.33448632952204E-06	0.625	5.33794531808816E-07	0.25	1
136	1	0	8	3	29	0	9	4	4	26	2	2	18707190	18707190	18707190	15902855	15902855	15902855	8668730	8668730	8668730	2293236	2293236	2293236	5.34553826630296E-08	0.024390243902439	0	0	4.27643061304237E-07	0.195121951219512	1.8864537216745E-07	0.085714285714286	1.82357193095202E-06	0.828571428571429	0	0	1.03821436358036E-06	0.473684210526316	4.61428606035717E-07	0.210526315789474	4.61428606035717E-07	0.210526315789474	1.13376904950036E-05	5.2	8.72130038077197E-07	0.4	8.72130038077197E-07	0.4	1
137	0	1	5	3	23	1	12	19	10	25	1	6	15054014	15054014	15054014	10511796	10511796	10511796	17727825	17727825	17727825	2246197	2246197	2246197	0	0	6.64274657908515E-08	0.03030303030303	3.32137328954258E-07	0.151515151515152	2.85393666315442E-07	0.130434782608696	2.18801810841839E-06	1	9.51312221051474E-08	0.043478260869565	6.76901988822656E-07	0.307692307692308	1.07176148230254E-06	0.487179487179487	5.64084990685547E-07	0.256410256410256	1.11299231545586E-05	5	4.45196926182343E-07	0.2	2.67118155709406E-06	1.2	1
138	2	0	4	0	19	0	12	10	5	16	1	2	21783332	21783332	21783332	10571686	10571686	10571686	12932993	12932993	12932993	938260	938260	938260	9.18133185501649E-08	0.042553191489362	0	0	1.8362663710033E-07	0.085106382978723	0	0	1.79725353174508E-06	0.826086956521739	0	0	9.27859467642177E-07	0.428571428571429	7.73216223035147E-07	0.357142857142857	3.86608111517574E-07	0.178571428571429	1.70528424956835E-05	8	1.06580265598022E-06	0.5	2.13160531196044E-06	1	1
139	2	2	12	0	17	0	13	18	5	56	8	7	16266751	16266751	16266751	11389301	11389301	11389301	13004225	13004225	13004225	4581471	4581471	4581471	1.22950182245981E-07	0.055555555555556	1.22950182245981E-07	0.055555555555556	7.37701093475888E-07	0.333333333333333	0	0	1.49262891550588E-06	0.68	0	0	9.99675105590683E-07	0.448275862068966	1.38416553081787E-06	0.620689655172414	3.84490425227186E-07	0.172413793103448	1.22231484167421E-05	5.6	1.74616405953459E-06	0.8	1.52789355209277E-06	0.7	1
140	0	2	9	1	19	0	6	7	4	32	1	1	25199028	25199028	25199028	7788440	7788440	7788440	13591946	13591946	13591946	1945189	1945189	1945189	0	0	7.93681407076495E-08	0.038461538461539	3.57156633184423E-07	0.173076923076923	1.28395416797202E-07	0.0625	2.43951291914684E-06	1.1875	0	0	4.41437892704989E-07	0.214285714285714	5.15010874822487E-07	0.25	2.94291928469992E-07	0.142857142857143	1.64508435941186E-05	8	5.14088862316207E-07	0.25	5.14088862316207E-07	0.25	1
141	3	1	3	1	16	0	8	10	6	41	4	3	21637718	21637718	21637718	11345372	11345372	11345372	10551854	10551854	10551854	3905579	3905579	3905579	1.38646783362275E-07	0.065217391304348	4.62155944540917E-08	0.021739130434783	1.38646783362275E-07	0.065217391304348	8.81416669281536E-08	0.041666666666667	1.41026667085046E-06	0.666666666666667	0	0	7.58160603814268E-07	0.363636363636364	9.47700754767835E-07	0.454545454545455	5.68620452860701E-07	0.272727272727273	1.04978032706546E-05	5.125	1.02417592884435E-06	0.5	7.68131946633265E-07	0.375	1
142	1	0	10	0	14	0	10	8	2	50	2	2	23711280	23711280	23711280	13678847	13678847	13678847	11604155	11604155	11604155	3653816	3653816	3653816	4.21740201288163E-08	0.022222222222222	0	0	4.21740201288163E-07	0.222222222222222	0	0	1.02347807530854E-06	0.538461538461538	0	0	8.61760291895446E-07	0.454545454545455	6.89408233516357E-07	0.363636363636364	1.72352058379089E-07	0.090909090909091	1.36843234579957E-05	7.14285714285714	5.47372938319828E-07	0.285714285714286	5.47372938319828E-07	0.285714285714286	1
143	0	1	12	1	33	9	17	14	3	117	8	8	12588129	12588129	12588129	16808344	16808344	16808344	15082439	15082439	15082439	7878955	7878955	7878955	0	0	7.943992312122E-08	0.041666666666667	9.5327907745464E-07	0.5	5.94942607076581E-08	0.03125	1.96331060335272E-06	1.03125	5.35448346368923E-07	0.28125	1.12713865443116E-06	0.586206896551724	9.28231833060953E-07	0.482758620689655	1.98906821370204E-07	0.103448275862069	1.48496850153352E-05	7.8	1.01536307797163E-06	0.533333333333333	1.01536307797163E-06	0.533333333333333	1
144	4	2	5	1	17	0	13	18	1	127	2	3	20211925	20211925	20211925	12787307	12787307	12787307	12780215	12780215	12780215	7393967	7393967	7393967	1.97902970647279E-07	0.105263157894737	9.89514853236394E-08	0.052631578947368	2.47378713309098E-07	0.131578947368421	7.82025488243928E-08	0.041666666666667	1.32944333001468E-06	0.708333333333333	0	0	1.0171972850222E-06	0.541666666666667	1.40842701003074E-06	0.75	7.82459450017077E-08	0.041666666666667	1.7176165379153E-05	9.07142857142857	2.70490793372489E-07	0.142857142857143	4.05736190058733E-07	0.214285714285714	1
145	3	0	6	1	14	0	7	3	5	92	3	2	14609969	14609969	14609969	20344358	20344358	20344358	8847630	8847630	8847630	8309830	8309830	8309830	2.05339244730773E-07	0.107142857142857	0	0	4.10678489461545E-07	0.214285714285714	4.91536769063934E-08	0.025641025641026	6.88151476689508E-07	0.358974358974359	0	0	7.91172325244161E-07	0.411764705882353	3.39073853676069E-07	0.176470588235294	5.65123089460115E-07	0.294117647058824	1.10712252837904E-05	5.75	3.61018215775774E-07	0.1875	2.40678810517183E-07	0.125	1
146	1	0	5	0	25	0	18	18	6	134	12	8	15057107	15057107	15057107	14501904	14501904	14501904	14955498	14955498	14955498	9150143	9150143	9150143	6.64138203972383E-08	0.035714285714286	0	0	3.32069101986192E-07	0.178571428571429	0	0	1.72391156361261E-06	0.925925925925926	0	0	1.20357075371211E-06	0.642857142857143	1.20357075371211E-06	0.642857142857143	4.01190251237371E-07	0.214285714285714	1.46445798715933E-05	7.88235294117647	1.31145491387402E-06	0.705882352941176	8.74303275916016E-07	0.470588235294118	1
147	2	2	6	1	21	0	15	18	6	134	11	5	13817407	13817407	13817407	15672779	15672779	15672779	15196095	15196095	15196095	8977334	8977334	8977334	1.44744958297892E-07	0.076923076923077	1.44744958297892E-07	0.076923076923077	4.34234874893676E-07	0.230769230769231	6.38048938225952E-08	0.03448275862069	1.3399027702745E-06	0.724137931034483	0	0	9.8709569794082E-07	0.535714285714286	1.18451483752898E-06	0.642857142857143	3.94838279176328E-07	0.214285714285714	1.49264804005287E-05	7.88235294117647	1.22530809258071E-06	0.647058823529412	5.56958223900325E-07	0.294117647058824	1
148	2	1	5	0	16	1	20	23	5	109	6	6	16994740	16994740	16994740	12184667	12184667	12184667	16365821	16365821	16365821	6829876	6829876	6829876	1.17683471474115E-07	0.060606060606061	5.88417357370575E-08	0.03030303030303	2.94208678685287E-07	0.151515151515152	0	0	1.31312575058473E-06	0.695652173913043	8.20703594115457E-08	0.043478260869565	1.22205907054709E-06	0.645161290322581	1.40536793112915E-06	0.741935483870968	3.05514767636772E-07	0.161290322580645	1.5959294136526E-05	8.38461538461539	8.78493255221617E-07	0.461538461538462	8.78493255221617E-07	0.461538461538462	1
149	2	1	5	0	28	0	8	14	5	64	3	3	15849266	15849266	15849266	16220135	16220135	16220135	11941743	11941743	11941743	3841868	3841868	3841868	1.2618880899595E-07	0.060606060606061	6.30944044979749E-08	0.03030303030303	3.15472022489874E-07	0.151515151515152	0	0	1.72624950408859E-06	0.823529411764706	0	0	6.69918955716933E-07	0.32	1.17235817250463E-06	0.56	4.18699347323083E-07	0.2	1.66585629698886E-05	8	7.80870139213528E-07	0.375	7.80870139213528E-07	0.375	1
150	3	0	5	1	18	0	20	27	5	50	7	5	15477616	15477616	15477616	10773225	10773225	10773225	17247269	17247269	17247269	3302557	3302557	3302557	1.93828300172326E-07	0.090909090909091	0	0	3.23047166953877E-07	0.151515151515152	9.28227155749555E-08	0.043478260869565	1.6708088803492E-06	0.782608695652174	0	0	1.15960387699641E-06	0.540540540540541	1.56546523394515E-06	0.72972972972973	2.89900969249103E-07	0.135135135135135	1.51397841127345E-05	7.14285714285714	2.11956977578282E-06	1	1.51397841127345E-06	0.714285714285714	1
151	2	0	3	4	29	0	13	15	4	93	1	3	13411225	13411225	13411225	14368003	14368003	14368003	13470999	13470999	13470999	5056012	5056012	5056012	1.49128808143924E-07	0.068965517241379	0	0	2.23693212215886E-07	0.103448275862069	2.78396378397193E-07	0.129032258064516	2.01837374337965E-06	0.935483870967742	0	0	9.65036074904319E-07	0.448275862068966	1.11350316335114E-06	0.517241379310345	2.96934176893637E-07	0.137931034482759	1.83939436852602E-05	8.45454545454546	1.97784340701723E-07	0.090909090909091	5.93353022105169E-07	0.272727272727273	1
152	0	1	8	0	15	0	9	9	6	86	9	2	14489987	14489987	14489987	12346096	12346096	12346096	10917193	10917193	10917193	6033617	6033617	6033617	0	0	6.9013174407955E-08	0.03030303030303	5.5210539526364E-07	0.242424242424242	0	0	1.21495896354605E-06	0.535714285714286	0	0	8.24387734099782E-07	0.36	8.24387734099782E-07	0.36	5.49591822733188E-07	0.24	1.42534734969091E-05	6.14285714285714	1.49164257525793E-06	0.642857142857143	3.31476127835095E-07	0.142857142857143	1
153	0	1	5	0	20	0	5	14	7	51	3	2	14146092	14146092	14146092	13628860	13628860	13628860	9230703	9230703	9230703	3240296	3240296	3240296	0	0	7.06909017699023E-08	0.028571428571429	3.53454508849511E-07	0.142857142857143	0	0	1.46747416878594E-06	0.588235294117647	0	0	5.41670553152886E-07	0.217391304347826	1.51667754882808E-06	0.608695652173913	7.5833877441404E-07	0.304347826086957	1.57393028291243E-05	6.375	9.25841342889662E-07	0.375	6.17227561926441E-07	0.25	1
154	0	1	4	3	13	3	12	10	4	102	6	4	12921406	12921406	12921406	9057383	9057383	9057383	10822382	10822382	10822382	6279587	6279587	6279587	0	0	7.73909588476672E-08	0.03030303030303	3.09563835390669E-07	0.121212121212121	3.31221501839991E-07	0.130434782608696	1.43529317463996E-06	0.565217391304348	3.31221501839991E-07	0.130434782608696	1.10881319842526E-06	0.428571428571429	9.2401099868772E-07	0.357142857142857	3.69604399475088E-07	0.142857142857143	1.62431064335919E-05	6.375	9.55476849034817E-07	0.375	6.36984566023211E-07	0.25	1
155	2	1	17	1	76	0	7	56	4	27	4	2	15685619	15685619	15685619	14883489	14883489	14883489	7470905	7470905	7470905	3318457	3318457	3318457	1.27505328288288E-07	0.052631578947368	6.37526641441438E-08	0.026315789473684	1.08379529045044E-06	0.447368421052632	6.71885469865298E-08	0.027777777777778	5.10632957097627E-06	2.11111111111111	0	0	9.36968145090856E-07	0.388888888888889	7.49574516072685E-06	3.11111111111111	5.35410368623346E-07	0.222222222222222	8.13631154479326E-06	3.375	1.20537948811752E-06	0.5	6.0268974405876E-07	0.25	1
156	7	2	48	1	107	0	13	104	4	21	1	1	17868813	17868813	17868813	12445996	12445996	12445996	5445005	5445005	5445005	3165750	3165750	3165750	3.91743984337404E-07	0.152173913043478	1.1192685266783E-07	0.043478260869565	2.68624446402791E-06	1.04347826086957	8.0347125292343E-08	0.03125	8.5971424062807E-06	3.34375	0	0	2.38750928603371E-06	0.928571428571429	1.91000742882697E-05	7.42857142857143	7.34618241856527E-07	0.285714285714286	6.6334991708126E-06	2.625	3.15880912895838E-07	0.125	3.15880912895838E-07	0.125	1
157	2	0	14	0	52	0	19	142	8	40	4	2	10311421	10311421	10311421	14665916	14665916	14665916	13521051	13521051	13521051	3256068	3256068	3256068	1.93959688000325E-07	0.08	0	0	1.35771781600228E-06	0.56	0	0	3.54563601755253E-06	1.48571428571429	0	0	1.40521620693539E-06	0.59375	1.05021421781487E-05	4.4375	5.91669981867534E-07	0.25	1.22847557237748E-05	5	1.22847557237748E-06	0.5	6.14237786188741E-07	0.25	1
158	3	0	7	1	25	0	30	118	9	55	10	4	12966095	12966095	12966095	12300693	12300693	12300693	15765720	15765720	15765720	8975245	8975245	8975245	2.31372668486541E-07	0.115384615384615	0	0	5.3986955980193E-07	0.269230769230769	8.1296232659412E-08	0.041666666666667	2.0324058164853E-06	1.04166666666667	0	0	1.90286266659563E-06	0.9375	7.48459315527613E-06	3.6875	5.70858799978688E-07	0.28125	6.1279664232007E-06	3.05555555555556	1.11417571330922E-06	0.555555555555556	4.45670285323688E-07	0.222222222222222	1
159	4	0	7	1	34	0	46	136	9	72	5	3	14837434	14837434	14837434	14291167	14291167	14291167	15422574	15422574	15422574	10401550	10401550	10401550	2.69588393788306E-07	0.148148148148148	0	0	4.71779689129536E-07	0.259259259259259	6.99732918942169E-08	0.038461538461539	2.37909192440337E-06	1.30769230769231	0	0	2.98264090028033E-06	1.64285714285714	8.81824266169837E-06	4.85714285714286	5.83560176141804E-07	0.321428571428571	6.92204527209887E-06	3.78947368421053	4.80697588340199E-07	0.263157894736842	2.8841855300412E-07	0.157894736842105	1
160	3	0	5	1	57	0	27	73	8	94	11	2	15499255	15499255	15499255	15096190	15096190	15096190	12786187	12786187	12786187	11590420	11590420	11590420	1.93557690353504E-07	0.107142857142857	0	0	3.22596150589173E-07	0.178571428571429	6.62418795735878E-08	0.035714285714286	3.7757871356945E-06	2.03571428571429	0	0	2.11165377137062E-06	1.17391304347826	5.70928612259464E-06	3.17391304347826	6.25675191517221E-07	0.347826086956522	8.11014613793115E-06	4.47619047619048	9.49059654438752E-07	0.523809523809524	1.72556300807046E-07	0.095238095238095	1
161	2	4	38	0	47	1	31	60	11	30	3	2	16198291	16198291	16198291	12608544	12608544	12608544	12949517	12949517	12949517	3930245	3930245	3930245	1.23469815426825E-07	0.057142857142857	2.4693963085365E-07	0.114285714285714	2.34592649310967E-06	1.08571428571429	0	0	3.72763104130025E-06	1.74074074074074	7.93112987510691E-08	0.037037037037037	2.39391168025804E-06	1.03333333333333	4.63337744566071E-06	2	8.49452531704464E-07	0.366666666666667	7.63311193068117E-06	3.75	7.63311193068117E-07	0.375	5.08874128712078E-07	0.25	1
162	4	0	8	0	23	0	11	7	5	21	3	1	14981313	14981313	14981313	10229224	10229224	10229224	11063344	11063344	11063344	3330548	3330548	3330548	2.66999294387615E-07	0.108108108108108	0	0	5.3399858877523E-07	0.216216216216216	0	0	2.24845990272576E-06	0.884615384615385	0	0	9.94274425526315E-07	0.379310344827586	6.32720088971291E-07	0.241379310344828	4.51942920693779E-07	0.172413793103448	6.30526868251111E-06	2.625	9.00752668930158E-07	0.375	3.00250889643386E-07	0.125	1
163	7	4	13	2	11	0	8	5	2	20	2	0	15012599	15012599	15012599	12856389	12856389	12856389	5596107	5596107	5596107	2779800	2779800	2779800	4.66275026729216E-07	0.166666666666667	2.66442872416695E-07	0.095238095238095	8.65939335354258E-07	0.30952380952381	1.55564676831107E-07	0.060606060606061	8.55605722571089E-07	0.333333333333333	0	0	1.42956523168696E-06	0.470588235294118	8.93478269804348E-07	0.294117647058824	3.57391307921739E-07	0.117647058823529	7.19476221310886E-06	2.85714285714286	7.19476221310886E-07	0.285714285714286	0	0	1
