BIN_NUM	A>T_COUNT	A>C_COUNT	A>G_COUNT	T>A_COUNT	T>C_COUNT	T>G_COUNT	C>A_COUNT	C>T_COUNT	C>G_COUNT	G>A_COUNT	G>T_COUNT	G>C_COUNT	A>T_DENOM	A>C_DENOM	A>G_DENOM	T>A_DENOM	T>C_DENOM	T>G_DENOM	C>A_DENOM	C>T_DENOM	C>G_DENOM	G>A_DENOM	G>T_DENOM	G>C_DENOM	A>T_Freq	A>T_Density	A>C_Freq	A>C_Density	A>G_Freq	A>G_Density	T>A_Freq	T>A_Density	T>C_Freq	T>C_Density	T>G_Freq	T>G_Density	C>A_Freq	C>A_Density	C>T_Freq	C>T_Density	C>G_Freq	C>G_Density	G>A_Freq	G>A_Density	G>T_Freq	G>T_Density	G>C_Freq	G>C_Density
1	10	7	52	25	89	18	47	80	2	47	30	1	1637661	1637661	1637661	2242923	2242923	2242923	1981275	1981275	1981275	1613787	1613787	1613787	6.10626985682629E-06	0.222222222222222	4.2743888997784E-06	0.155555555555556	3.17526032554967E-05	1.15555555555556	1.11461695296718E-05	0.423728813559322	3.96803635256315E-05	1.50847457627119	8.02524206136368E-06	0.305084745762712	2.3722098143872E-05	0.87037037037037	4.03780393938247E-05	1.48148148148148	1.00945098484562E-06	0.037037037037037	2.91240417725511E-05	1.11904761904762	1.85898138973731E-05	0.714285714285714	6.19660463245769E-07	0.023809523809524
2	49	7	65	10	41	2	25	74	1	31	12	8	2132260	2132260	2132260	1339978	1339978	1339978	1470013	1470013	1470013	589318	589318	589318	2.29803119694596E-05	0.662162162162162	3.2829017099228E-06	0.094594594594595	3.0484087306426E-05	0.878378378378378	7.46280909089552E-06	0.222222222222222	3.05975172726716E-05	0.911111111111111	1.4925618181791E-06	0.044444444444445	1.70066523221223E-05	0.40983606557377	5.03396908734821E-05	1.21311475409836	6.80266092884893E-07	0.016393442622951	5.26031785894882E-05	1.55	2.0362520744318E-05	0.6	1.35750138295453E-05	0.4
3	10	2	10	24	24	14	81	78	20	30	13	6	1906982	1906982	1906982	1455646	1455646	1455646	2735714	2735714	2735714	522306	522306	522306	5.2438879863575E-06	0.172413793103448	1.0487775972715E-06	0.03448275862069	5.2438879863575E-06	0.172413793103448	1.64875251263013E-05	0.558139534883721	1.64875251263013E-05	0.558139534883721	9.61772299034243E-06	0.325581395348837	2.96083581836405E-05	0.964285714285714	2.85117523249872E-05	0.928571428571429	7.31070572435569E-06	0.238095238095238	5.74375940540603E-05	2	2.48896240900928E-05	0.866666666666667	1.14875188108121E-05	0.4
4	6	2	4	2	36	1	37	19	1	66	19	3	2942283	2942283	2942283	1959742	1959742	1959742	2548109	2548109	2548109	1482240	1482240	1482240	2.03923279983605E-06	0.090909090909091	6.79744266612015E-07	0.03030303030303	1.35948853322403E-06	0.060606060606061	1.02054249998214E-06	0.045454545454546	1.83697649996785E-05	0.818181818181818	5.1027124999107E-07	0.022727272727273	1.45205719221587E-05	0.649122807017544	7.45650990597341E-06	0.333333333333333	3.92447889788074E-07	0.017543859649123	4.45272020725389E-05	2	1.28184369602763E-05	0.575757575757576	2.02396373056995E-06	0.090909090909091
5	6	4	20	2	35	2	16	16	6	105	11	5	3023292	3023292	3023292	1864964	1864964	1864964	2418487	2418487	2418487	1632833	1632833	1632833	1.98459163058018E-06	0.088235294117647	1.32306108705345E-06	0.058823529411765	6.61530543526725E-06	0.294117647058824	1.07240675959429E-06	0.047619047619048	1.87671182929E-05	0.833333333333333	1.07240675959429E-06	0.047619047619048	6.61570643133496E-06	0.296296296296296	6.61570643133496E-06	0.296296296296296	2.48088991175061E-06	0.111111111111111	6.43054127396984E-05	2.91666666666667	6.73675752511126E-06	0.305555555555556	3.06216251141421E-06	0.138888888888889
6	2	4	14	1	33	1	26	12	3	52	21	3	2967920	2967920	2967920	1626687	1626687	1626687	2208343	2208343	2208343	1336943	1336943	1336943	6.73872611121594E-07	0.027777777777778	1.34774522224319E-06	0.055555555555556	4.71710827785116E-06	0.194444444444444	6.1474641403048E-07	0.025	2.02866316630059E-05	0.825	6.1474641403048E-07	0.025	1.17735333686841E-05	0.472727272727273	5.43393847785421E-06	0.218181818181818	1.35848461946355E-06	0.054545454545455	3.88947023171519E-05	1.57575757575758	1.57074759357729E-05	0.636363636363636	2.24392513368184E-06	0.090909090909091
7	4	0	25	2	29	1	35	23	2	85	23	7	2890715	2890715	2890715	2072985	2072985	2072985	2677401	2677401	2677401	1813494	1813494	1813494	1.38374070083007E-06	0.065573770491803	0	0	8.64837938018795E-06	0.40983606557377	9.64792316393992E-07	0.045454545454546	1.39894885877129E-05	0.659090909090909	4.82396158196996E-07	0.022727272727273	1.30723787732954E-05	0.614035087719298	8.59042033673701E-06	0.403508771929825	7.4699307275974E-07	0.035087719298246	4.68708471050911E-05	2.23684210526316	1.2682699804907E-05	0.605263157894737	3.85995211453691E-06	0.184210526315789
8	10	1	9	2	24	2	27	18	1	114	41	6	3031568	3031568	3031568	2018846	2018846	2018846	1966049	1966049	1966049	2218433	2218433	2218433	3.29862302280536E-06	0.151515151515152	3.29862302280536E-07	0.015151515151515	2.96876072052482E-06	0.136363636363636	9.90664964043815E-07	0.045454545454546	1.18879795685258E-05	0.545454545454545	9.90664964043815E-07	0.045454545454546	1.37331266921628E-05	0.642857142857143	9.15541779477521E-06	0.428571428571429	5.08634321931956E-07	0.023809523809524	5.13876236063924E-05	2.375	1.84815137531762E-05	0.854166666666667	2.7046117687575E-06	0.125
9	6	0	15	5	37	0	35	9	4	98	20	6	3157861	3157861	3157861	1726834	1726834	1726834	2380926	2380926	2380926	1387622	1387622	1387622	1.90002029855019E-06	0.082191780821918	0	0	4.75005074637547E-06	0.205479452054794	2.89547229206745E-06	0.125	2.14264949612991E-05	0.925	0	0	1.47001628778047E-05	0.636363636363636	3.78004188286406E-06	0.163636363636364	1.68001861460625E-06	0.072727272727273	7.06244207716511E-05	3.0625	1.44131470962553E-05	0.625	4.3239441288766E-06	0.1875
10	4	0	16	2	24	0	31	7	3	55	23	2	3745188	3745188	3745188	1681046	1681046	1681046	1986721	1986721	1986721	1611910	1611910	1611910	1.06803717196573E-06	0.048192771084337	0	0	4.27214868786293E-06	0.192771084337349	1.18973543853053E-06	0.054054054054054	1.42768252623664E-05	0.648648648648649	0	0	1.56036001028831E-05	0.704545454545455	3.52339357161876E-06	0.159090909090909	1.51002581640804E-06	0.068181818181818	3.41210117190166E-05	1.52777777777778	1.42687867188615E-05	0.638888888888889	1.24076406250969E-06	0.055555555555556
11	4	5	9	4	24	1	22	2	1	72	15	5	2927761	2927761	2927761	2000010	2000010	2000010	1721279	1721279	1721279	1456443	1456443	1456443	1.36623173817808E-06	0.054794520547945	1.7077896727226E-06	0.068493150684932	3.07402141090069E-06	0.123287671232877	1.99999000005E-06	0.081632653061225	1.19999400003E-05	0.489795918367347	4.999975000125E-07	0.020408163265306	1.27811935194701E-05	0.523809523809524	1.16192668358819E-06	0.047619047619048	5.80963341794096E-07	0.023809523809524	4.94355082897168E-05	2	1.02990642270243E-05	0.416666666666667	3.43302140900811E-06	0.138888888888889
12	4	2	7	2	37	0	31	16	0	42	16	3	3181850	3181850	3181850	1748672	1748672	1748672	2321211	2321211	2321211	822099	822099	822099	1.25713028584E-06	0.050632911392405	6.28565142919999E-07	0.025316455696203	2.19997800022E-06	0.088607594936709	1.14372506679354E-06	0.046511627906977	2.11589137356806E-05	0.86046511627907	0	0	1.33550978347078E-05	0.53448275862069	6.89295372113953E-06	0.275862068965517	0	0	5.10887374878208E-05	2.1	1.94623761858365E-05	0.8	3.64919553484434E-06	0.15
13	7	11	2	2	25	1	26	19	3	71	19	4	2367526	2367526	2367526	1421497	1421497	1421497	2030839	2030839	2030839	1288309	1288309	1288309	2.95667291510209E-06	0.104477611940299	4.64620029516043E-06	0.164179104477612	8.4476369002917E-07	0.029850746268657	1.40696744347684E-06	0.05	1.75870930434605E-05	0.625	7.03483721738421E-07	0.025	1.28025904564567E-05	0.456140350877193	9.35573917971833E-06	0.333333333333333	1.477221975745E-06	0.052631578947369	5.51110020965467E-05	1.97222222222222	1.47480146455548E-05	0.527777777777778	3.10484518853784E-06	0.111111111111111
14	7	1	18	5	28	0	24	8	3	83	19	1	2092075	2092075	2092075	1605006	1605006	1605006	1638439	1638439	1638439	1185432	1185432	1185432	3.34596035036985E-06	0.111111111111111	4.77994335767121E-07	0.015873015873016	8.60389804380818E-06	0.285714285714286	3.11525315170161E-06	0.102040816326531	1.7445417649529E-05	0.571428571428571	0	0	1.46480888211279E-05	0.489795918367347	4.88269627370931E-06	0.163265306122449	1.83101110264099E-06	0.061224489795918	7.00166690286748E-05	2.12820512820513	1.6027912187287E-05	0.487179487179487	8.43574325646684E-07	0.025641025641026
15	1	1	12	0	37	0	25	15	1	80	23	2	3053350	3053350	3053350	2059223	2059223	2059223	2322993	2322993	2322993	1755217	1755217	1755217	3.2750912931698E-07	0.015151515151515	3.2750912931698E-07	0.015151515151515	3.93010955180376E-06	0.181818181818182	0	0	1.7967942277257E-05	0.840909090909091	0	0	1.07619781893445E-05	0.490196078431373	6.45718691360671E-06	0.294117647058824	4.30479127573781E-07	0.019607843137255	4.55784099629846E-05	2.05128205128205	1.31037928643581E-05	0.58974358974359	1.13946024907462E-06	0.051282051282051
16	2	0	8	3	57	4	21	12	2	105	18	2	2534270	2534270	2534270	2454912	2454912	2454912	2192476	2192476	2192476	1739625	1739625	1739625	7.89181894588974E-07	0.035714285714286	0	0	3.1567275783559E-06	0.142857142857143	1.22203973095573E-06	0.054545454545455	2.32187548881589E-05	1.03636363636364	1.62938630794098E-06	0.072727272727273	9.57821203059919E-06	0.428571428571429	5.47326401748525E-06	0.244897959183673	9.12210669580876E-07	0.040816326530612	6.03578357404613E-05	2.69230769230769	1.03470575555077E-05	0.461538461538462	1.14967306172307E-06	0.051282051282051
17	5	1	28	6	27	1	27	19	5	78	12	6	2995204	2995204	2995204	2401477	2401477	2401477	2688989	2688989	2688989	1307168	1307168	1307168	1.66933537749015E-06	0.078125	3.3386707549803E-07	0.015625	9.34827811394483E-06	0.4375	2.49846240459517E-06	0.117647058823529	1.12430808206783E-05	0.529411764705882	4.16410400765862E-07	0.019607843137255	1.00409484754307E-05	0.473684210526316	7.06585263085866E-06	0.333333333333333	1.85943490285754E-06	0.087719298245614	5.96709833778061E-05	2.78571428571429	9.18015128889324E-06	0.428571428571429	4.59007564444662E-06	0.214285714285714
18	5	15	12	0	21	0	54	30	5	65	10	4	2099152	2099152	2099152	1534120	1534120	1534120	3651229	3651229	3651229	1006658	1006658	1006658	2.38191422059956E-06	0.098039215686275	7.14574266179867E-06	0.294117647058824	5.71659412943894E-06	0.235294117647059	0	0	1.36886293119182E-05	0.567567567567568	0	0	1.47895407272455E-05	0.606741573033708	8.21641151513641E-06	0.337078651685393	1.3694019191894E-06	0.056179775280899	6.45700923252982E-05	2.82608695652174	9.93386035773818E-06	0.434782608695652	3.97354414309527E-06	0.173913043478261
19	3	0	5	0	51	1	45	20	6	74	17	3	2547793	2547793	2547793	2494260	2494260	2494260	3130646	3130646	3130646	1342518	1342518	1342518	1.17748969402145E-06	0.055555555555556	0	0	1.96248282336909E-06	0.092592592592593	0	0	2.04469461884487E-05	0.980769230769231	4.00920513498994E-07	0.019230769230769	1.43740301522433E-05	0.681818181818182	6.38845784544148E-06	0.303030303030303	1.91653735363244E-06	0.090909090909091	5.51203037873608E-05	2.64285714285714	1.2662772491691E-05	0.607142857142857	2.23460691029841E-06	0.107142857142857
20	3	0	11	5	41	1	35	26	2	98	21	4	2733693	2733693	2733693	2058790	2058790	2058790	3177896	3177896	3177896	1500406	1500406	1500406	1.09741657164868E-06	0.051724137931035	0	0	4.02386076271183E-06	0.189655172413793	2.42861098023596E-06	0.113636363636364	1.99146100379349E-05	0.931818181818182	4.85722196047193E-07	0.022727272727273	1.10135762781413E-05	0.522388059701493	8.18151380661922E-06	0.388059701492537	6.29347215893786E-07	0.029850746268657	6.53156545628317E-05	3.16129032258064	1.39962116920354E-05	0.67741935483871	2.66594508419721E-06	0.129032258064516
21	3	1	9	1	33	1	57	21	9	36	16	2	3075182	3075182	3075182	2401484	2401484	2401484	3504692	3504692	3504692	793739	793739	793739	9.75552016108315E-07	0.047619047619048	3.25184005369438E-07	0.015873015873016	2.92665604832495E-06	0.142857142857143	4.16409186986047E-07	0.02	1.37415031705395E-05	0.66	4.16409186986047E-07	0.02	1.62639113508405E-05	0.791666666666667	5.99196733978335E-06	0.291666666666667	2.56798600276429E-06	0.125	4.5354959249829E-05	2.4	2.01577596665907E-05	1.06666666666667	2.51971995832383E-06	0.133333333333333
22	4	1	9	6	28	0	30	14	3	39	11	1	2119974	2119974	2119974	1748900	1748900	1748900	1620482	1620482	1620482	736430	736430	736430	1.88681559302142E-06	0.060606060606061	4.71703898255356E-07	0.015151515151515	4.2453350842982E-06	0.136363636363636	3.43072788609983E-06	0.109090909090909	1.60100634684659E-05	0.509090909090909	0	0	1.85130103265572E-05	0.545454545454545	8.63940481906001E-06	0.254545454545454	1.85130103265572E-06	0.054545454545455	5.29581901877979E-05	1.625	1.4936925437584E-05	0.458333333333333	1.35790231250764E-06	0.041666666666667
23	7	1	4	1	24	1	22	14	3	62	24	3	1687131	1687131	1687131	1757281	1757281	1757281	1837996	1837996	1837996	1005144	1005144	1005144	4.14905540826409E-06	0.12962962962963	5.92722201180584E-07	0.018518518518519	2.37088880472234E-06	0.074074074074074	5.69060952687703E-07	0.017857142857143	1.36574628645049E-05	0.428571428571429	5.69060952687703E-07	0.017857142857143	1.19695581492016E-05	0.379310344827586	7.61699154949195E-06	0.241379310344828	1.63221247489113E-06	0.051724137931035	6.16827041697508E-05	1.9375	2.38771758076455E-05	0.75	2.98464697595568E-06	0.09375
24	6	1	7	1	18	0	27	12	4	29	8	2	2329821	2329821	2329821	1483690	1483690	1483690	1803721	1803721	1803721	512081	512081	512081	2.57530514146795E-06	0.076923076923077	4.29217523577992E-07	0.012820512820513	3.00452266504594E-06	0.08974358974359	6.73995241593594E-07	0.021276595744681	1.21319143486847E-05	0.382978723404255	0	0	1.49690556355445E-05	0.46551724137931	6.65291361579757E-06	0.206896551724138	2.21763787193252E-06	0.068965517241379	5.66316656935133E-05	1.70588235294118	1.56225284671761E-05	0.470588235294118	3.90563211679402E-06	0.117647058823529
25	7	0	6	3	38	0	40	19	3	56	18	3	2363939	2363939	2363939	1962708	1962708	1962708	2809047	2809047	2809047	1026119	1026119	1026119	2.96115931925485E-06	0.125	0	0	2.5381365593613E-06	0.107142857142857	1.52850041880911E-06	0.061224489795918	1.93610053049155E-05	0.775510204081633	0	0	1.42397047824405E-05	0.579710144927536	6.76385977165921E-06	0.27536231884058	1.06797785868303E-06	0.043478260869565	5.45745668874663E-05	2.15384615384615	1.75418250709713E-05	0.692307692307692	2.92363751182855E-06	0.115384615384615
26	6	0	17	4	39	0	41	26	5	25	11	0	3231676	3231676	3231676	2646076	2646076	2646076	2928067	2928067	2928067	693491	693491	693491	1.85662176530073E-06	0.086956521739131	0	0	5.26042833501873E-06	0.246376811594203	1.5116723782688E-06	0.071428571428572	1.47388056881208E-05	0.696428571428571	0	0	1.40024118300572E-05	0.672131147540984	8.87957823369479E-06	0.426229508196721	1.70761119878746E-06	0.081967213114754	3.60494945139879E-05	1.78571428571429	1.58617775861547E-05	0.785714285714286	0	0
27	2	4	10	1	59	0	57	35	5	28	12	2	2657679	2657679	2657679	2213280	2213280	2213280	3862019	3862019	3862019	824708	824708	824708	7.52536329631984E-07	0.037037037037037	1.50507265926397E-06	0.074074074074074	3.76268164815992E-06	0.185185185185185	4.51818116099183E-07	0.021739130434783	2.66572688498518E-05	1.28260869565217	0	0	1.47591195175373E-05	0.695121951219512	9.06261724761064E-06	0.426829268292683	1.29465960680152E-06	0.060975609756098	3.39514106811138E-05	1.55555555555556	1.45506045776202E-05	0.666666666666667	2.4251007629367E-06	0.111111111111111
28	5	1	9	9	43	1	44	20	2	49	12	2	3504138	3504138	3504138	2572263	2572263	2572263	2803838	2803838	2803838	971799	971799	971799	1.42688444347797E-06	0.070422535211268	2.85376888695594E-07	0.014084507042254	2.56839199826034E-06	0.126760563380282	3.49886461843132E-06	0.169811320754717	1.67167976213941E-05	0.811320754716981	3.88762735381258E-07	0.018867924528302	1.56927754028585E-05	0.785714285714286	7.13307972857205E-06	0.357142857142857	7.13307972857205E-07	0.035714285714286	5.04219493948852E-05	2.45	1.23482325048698E-05	0.6	2.05803875081164E-06	0.1
29	3	0	9	5	21	1	39	12	2	39	22	2	2467096	2467096	2467096	1796042	1796042	1796042	2403476	2403476	2403476	1452919	1452919	1452919	1.21600456569181E-06	0.049180327868853	0	0	3.64801369707543E-06	0.147540983606557	2.78389926293483E-06	0.116279069767442	1.16923769043263E-05	0.488372093023256	5.56779852586966E-07	0.023255813953488	1.62264986211637E-05	0.65	4.9927688065119E-06	0.2	8.3212813441865E-07	0.033333333333333	2.68425149647021E-05	1.08333333333333	1.51419315185499E-05	0.611111111111111	1.37653922895908E-06	0.055555555555556
30	1	1	9	1	24	0	30	10	1	59	21	6	2432423	2432423	2432423	2274193	2274193	2274193	2516645	2516645	2516645	1532636	1532636	1532636	4.11112705314824E-07	0.017857142857143	4.11112705314824E-07	0.017857142857143	3.70001434783342E-06	0.160714285714286	4.39716418087647E-07	0.019230769230769	1.05531940341035E-05	0.461538461538462	0	0	1.19206324292858E-05	0.517241379310345	3.97354414309527E-06	0.172413793103448	3.97354414309527E-07	0.017241379310345	3.84957680753943E-05	1.73529411764706	1.3701883552259E-05	0.617647058823529	3.914823872074E-06	0.176470588235294
31	5	0	13	0	36	0	44	16	2	43	16	3	2428145	2428145	2428145	2221183	2221183	2221183	2720784	2720784	2720784	1639017	1639017	1639017	2.05918509808928E-06	0.09433962264151	0	0	5.35388125503213E-06	0.245283018867925	0	0	1.62075794745413E-05	0.705882352941176	0	0	1.61718093020247E-05	0.733333333333333	5.88065792800899E-06	0.266666666666667	7.35082241001123E-07	0.033333333333333	2.62352373404303E-05	1.19444444444444	9.76194877783452E-06	0.444444444444444	1.83036539584397E-06	0.083333333333333
32	2	1	9	3	23	4	49	19	6	70	20	3	1867242	1867242	1867242	2393291	2393291	2393291	3129384	3129384	3129384	1587025	1587025	1587025	1.07109844358685E-06	0.047619047619048	5.35549221793426E-07	0.023809523809524	4.81994299614083E-06	0.214285714285714	1.25350406615827E-06	0.056603773584906	9.61019784054676E-06	0.433962264150943	1.6713387548777E-06	0.075471698113208	1.56580336577422E-05	0.710144927536232	6.07148243871637E-06	0.27536231884058	1.91731024380517E-06	0.086956521739131	4.41076857642444E-05	1.94444444444444	1.26021959326413E-05	0.555555555555556	1.89032938989619E-06	0.083333333333333
33	4	10	12	1	25	0	48	29	1	48	15	2	2514690	2514690	2514690	1997149	1997149	1997149	3539845	3539845	3539845	1094329	1094329	1094329	1.5906533210853E-06	0.071428571428572	3.97663330271326E-06	0.178571428571429	4.77195996325591E-06	0.214285714285714	5.00713767475536E-07	0.022727272727273	1.25178441868884E-05	0.568181818181818	0	0	1.35599157590233E-05	0.623376623376623	8.19244910440994E-06	0.376623376623377	2.82498244979653E-07	0.012987012987013	4.38624947342161E-05	2.08695652173913	1.37070296044425E-05	0.652173913043478	1.82760394725901E-06	0.086956521739131
34	3	0	16	2	33	0	19	13	1	48	29	1	2595180	2595180	2595180	2982909	2982909	2982909	1823982	1823982	1823982	1634064	1634064	1634064	1.15598917994128E-06	0.051724137931035	0	0	6.16527562635347E-06	0.275862068965517	6.70486427846106E-07	0.03030303030303	1.10630260594607E-05	0.5	0	0	1.04167694637337E-05	0.475	7.12726331729151E-06	0.325	5.48251024407039E-07	0.025	2.93746144581852E-05	1.33333333333333	1.77471629018202E-05	0.805555555555556	6.11971134545526E-07	0.027777777777778
35	2	0	6	1	24	1	38	11	1	81	20	1	2166271	2166271	2166271	2310768	2310768	2310768	2466009	2466009	2466009	1564943	1564943	1564943	9.23245521913002E-07	0.03921568627451	0	0	2.769736565739E-06	0.117647058823529	4.32756555396301E-07	0.018867924528302	1.03861573295112E-05	0.452830188679245	4.32756555396301E-07	0.018867924528302	1.54095139149938E-05	0.644067796610169	4.46064876486663E-06	0.186440677966102	4.05513524078785E-07	0.016949152542373	5.17590736531618E-05	2.18918918918919	1.27800181859659E-05	0.540540540540541	6.39000909298294E-07	0.027027027027027
36	3	0	9	2	20	0	37	33	3	36	11	0	2158573	2158573	2158573	2424842	2424842	2424842	2639310	2639310	2639310	993712	993712	993712	1.38980706235091E-06	0.056603773584906	0	0	4.16942118705274E-06	0.169811320754717	8.24796007327488E-07	0.03448275862069	8.24796007327488E-06	0.344827586206897	0	0	1.40188155237543E-05	0.578125	1.25032678995647E-05	0.515625	1.13666071814224E-06	0.046875	3.62278004089716E-05	1.44	1.10696056805191E-05	0.44	0	0
37	5	0	11	1	38	0	26	20	1	62	17	1	2326759	2326759	2326759	2047415	2047415	2047415	2018363	2018363	2018363	1262501	1262501	1262501	2.14891185550373E-06	0.081967213114754	0	0	4.7276060821082E-06	0.180327868852459	4.88420764720391E-07	0.018867924528302	1.85599890593749E-05	0.716981132075472	0	0	1.2881726428794E-05	0.5	9.90902032984156E-06	0.384615384615385	4.95451016492078E-07	0.019230769230769	4.91088719929727E-05	1.82352941176471	1.34653358690409E-05	0.5	7.92078580531817E-07	0.029411764705882
38	1	0	7	0	19	0	21	6	0	27	13	2	2483587	2483587	2483587	1647064	1647064	1647064	1620426	1620426	1620426	922455	922455	922455	4.02643434677344E-07	0.013333333333333	0	0	2.81850404274141E-06	0.093333333333333	0	0	1.15356780307262E-05	0.404255319148936	0	0	1.29595550799605E-05	0.42	3.70273002284584E-06	0.12	0	0	2.92697204741695E-05	0.964285714285714	1.4092828376452E-05	0.464285714285714	2.16812744253107E-06	0.071428571428572
39	5	2	10	3	24	0	44	7	3	34	14	2	2495288	2495288	2495288	2440901	2440901	2440901	2677599	2677599	2677599	971542	971542	971542	2.00377671835876E-06	0.084745762711864	8.01510687343505E-07	0.033898305084746	4.00755343671753E-06	0.169491525423729	1.22905435329004E-06	0.053571428571429	9.83243482632028E-06	0.428571428571429	0	0	1.64326323695221E-05	0.709677419354839	2.61428242242397E-06	0.112903225806452	1.12040675246742E-06	0.048387096774194	3.49959137124283E-05	1.47826086956522	1.44100821168822E-05	0.608695652173913	2.05858315955461E-06	0.086956521739131
40	2	0	9	2	25	0	47	20	4	49	18	6	2260802	2260802	2260802	2016789	2016789	2016789	3082695	3082695	3082695	1280605	1280605	1280605	8.84641821795982E-07	0.03921568627451	0	0	3.98088819808192E-06	0.176470588235294	9.91675381014077E-07	0.042553191489362	1.2395942262676E-05	0.531914893617021	0	0	1.52463996600377E-05	0.643835616438356	6.48782964256925E-06	0.273972602739726	1.29756592851385E-06	0.054794520547945	3.82631646760711E-05	1.68965517241379	1.40558564116179E-05	0.620689655172414	4.68528547053932E-06	0.206896551724138
41	4	1	10	2	24	0	29	11	2	65	22	4	2759798	2759798	2759798	2090720	2090720	2090720	2581045	2581045	2581045	1624292	1624292	1624292	1.44938144023584E-06	0.064516129032258	3.62345360058961E-07	0.016129032258065	3.62345360058961E-06	0.161290322580645	9.56608249789546E-07	0.044444444444445	1.14792989974746E-05	0.533333333333333	0	0	1.12357591595652E-05	0.508771929824561	4.26183968121439E-06	0.192982456140351	7.7487994203898E-07	0.035087719298246	4.00174352887289E-05	1.80555555555556	1.35443627131082E-05	0.611111111111111	2.46261140238332E-06	0.111111111111111
42	1	0	14	4	22	0	34	20	3	32	13	1	2576853	2576853	2576853	2084107	2084107	2084107	2455686	2455686	2455686	971467	971467	971467	3.88070254686627E-07	0.015873015873016	0	0	5.43298356561278E-06	0.222222222222222	1.91928725348555E-06	0.075471698113208	1.05560798941705E-05	0.415094339622642	0	0	1.38454183474597E-05	0.566666666666667	8.14436373379984E-06	0.333333333333333	1.22165456006998E-06	0.05	3.2939873407949E-05	1.33333333333333	1.33818235719793E-05	0.541666666666667	1.02937104399841E-06	0.041666666666667
43	10	1	5	2	18	0	46	21	3	11	12	0	3279170	3279170	3279170	1870708	1870708	1870708	2774933	2774933	2774933	554126	554126	554126	3.04955217326336E-06	0.135135135135135	3.04955217326336E-07	0.013513513513514	1.52477608663168E-06	0.067567567567568	1.06911393974901E-06	0.044444444444445	9.62202545774113E-06	0.4	0	0	1.65769768134942E-05	0.686567164179104	7.56775028442128E-06	0.313432835820896	1.08110718348875E-06	0.044776119402985	1.98510808011174E-05	0.785714285714286	2.16557245103099E-05	0.857142857142857	0	0
44	3	1	17	1	14	0	42	20	3	22	8	2	3151914	3151914	3151914	2256102	2256102	2256102	2890267	2890267	2890267	588518	588518	588518	9.51802618980086E-07	0.043478260869565	3.17267539660029E-07	0.014492753623188	5.39354817422049E-06	0.246376811594203	4.43242371133929E-07	0.019607843137255	6.20539319587501E-06	0.274509803921569	0	0	1.45315294400137E-05	0.626865671641791	6.91977592381604E-06	0.298507462686567	1.03796638857241E-06	0.044776119402985	3.73820341943662E-05	1.69230769230769	1.35934669797695E-05	0.615384615384615	3.39836674494238E-06	0.153846153846154
45	1	1	1	0	18	1	23	12	3	12	7	1	1988474	1988474	1988474	1571793	1571793	1571793	2368718	2368718	2368718	776361	776361	776361	5.02898202340086E-07	0.016949152542373	5.02898202340086E-07	0.016949152542373	5.02898202340086E-07	0.016949152542373	0	0	1.14518896572259E-05	0.375	6.36216092068103E-07	0.020833333333333	9.70989370621577E-06	0.338235294117647	5.06603149889518E-06	0.176470588235294	1.2665078747238E-06	0.044117647058824	1.54567269607824E-05	0.48	9.01642406045641E-06	0.28	1.2880605800652E-06	0.04
46	5	0	6	5	30	0	41	15	4	41	13	2	2774620	2774620	2774620	2709738	2709738	2709738	3342318	3342318	3342318	1049626	1049626	1049626	1.80204856881303E-06	0.089285714285714	0	0	2.16245828257563E-06	0.107142857142857	1.8451968419087E-06	0.092592592592593	1.10711810514522E-05	0.555555555555556	0	0	1.22669357015102E-05	0.602941176470588	4.48790330543054E-06	0.220588235294118	1.19677421478148E-06	0.058823529411765	3.9061532393443E-05	1.86363636363636	1.23853639296283E-05	0.590909090909091	1.9054406045582E-06	0.090909090909091
47	4	1	13	2	27	3	48	24	6	60	19	2	2915588	2915588	2915588	1888604	1888604	1888604	3288527	3288527	3288527	1278538	1278538	1278538	1.37193595254199E-06	0.064516129032258	3.42983988135498E-07	0.016129032258065	4.45879184576147E-06	0.209677419354839	1.05898324900297E-06	0.05	1.42962738615401E-05	0.675	1.58847487350445E-06	0.075	1.45962006697832E-05	0.685714285714286	7.29810033489158E-06	0.342857142857143	1.82452508372289E-06	0.085714285714286	4.69286012617537E-05	2.14285714285714	1.48607237328887E-05	0.678571428571429	1.56428670872512E-06	0.071428571428572
48	3	0	8	7	14	3	38	21	1	80	12	2	2283975	2283975	2283975	2107172	2107172	2107172	3144047	3144047	3144047	1315479	1315479	1315479	1.31349949101895E-06	0.058823529411765	0	0	3.50266530938386E-06	0.156862745098039	3.32198795352254E-06	0.152173913043478	6.64397590704508E-06	0.304347826086957	1.42370912293823E-06	0.065217391304348	1.20863333149918E-05	0.520547945205479	6.6792894635481E-06	0.287671232876712	3.180614030261E-07	0.013698630136986	6.08143497539679E-05	2.66666666666667	9.12215246309519E-06	0.4	1.5203587438492E-06	0.066666666666667
49	0	0	7	7	32	0	29	20	3	52	12	1	2869883	2869883	2869883	2797894	2797894	2797894	2728432	2728432	2728432	1252040	1252040	1252040	0	0	0	0	2.43912382490854E-06	0.116666666666667	2.50188177250461E-06	0.120689655172414	1.14371738171639E-05	0.551724137931034	0	0	1.06288153782099E-05	0.508771929824561	7.33021750221373E-06	0.350877192982456	1.09953262533206E-06	0.052631578947369	4.153221941791E-05	2.08	9.58435832720999E-06	0.48	7.986965272675E-07	0.04
50	0	1	9	2	59	3	34	6	6	99	20	1	2190951	2190951	2190951	3722266	3722266	3722266	2779994	2779994	2779994	1749271	1749271	1749271	0	0	4.56422804526436E-07	0.023809523809524	4.10780524073793E-06	0.214285714285714	5.37307113462606E-07	0.028169014084507	1.58505598471469E-05	0.830985915492958	8.05960670193909E-07	0.042253521126761	1.22302422235444E-05	0.641509433962264	2.15827803944901E-06	0.113207547169811	2.15827803944901E-06	0.113207547169811	5.65950044332754E-05	2.91176470588235	1.14333342289445E-05	0.588235294117647	5.71666711447226E-07	0.029411764705882
51	4	1	10	1	33	0	28	11	2	49	17	0	3252638	3252638	3252638	2614558	2614558	2614558	2542359	2542359	2542359	946279	946279	946279	1.22977103507983E-06	0.057971014492754	3.07442758769958E-07	0.014492753623188	3.07442758769958E-06	0.144927536231884	3.82473825403759E-07	0.017543859649123	1.2621636238324E-05	0.578947368421053	0	0	1.10133934664617E-05	0.509090909090909	4.32669029039565E-06	0.2	7.86670961890119E-07	0.036363636363636	5.17817683790933E-05	2.57894736842105	1.79651033151956E-05	0.894736842105263	0	0
52	2	5	18	5	28	0	36	21	1	47	19	3	2226331	2226331	2226331	2573939	2573939	2573939	2220875	2220875	2220875	915460	915460	915460	8.98339016076226E-07	0.035714285714286	2.24584754019056E-06	0.089285714285714	8.08505114468603E-06	0.321428571428571	1.94254797802124E-06	0.076923076923077	1.08782686769189E-05	0.430769230769231	0	0	1.62098272077447E-05	0.642857142857143	9.45573253785107E-06	0.375	4.50272977992908E-07	0.017857142857143	5.1340309789614E-05	2.04347826086957	2.07545933192056E-05	0.826086956521739	3.27704105040089E-06	0.130434782608696
53	5	1	6	3	45	0	30	14	4	41	16	2	3077461	3077461	3077461	3019508	3019508	3019508	1919455	1919455	1919455	893656	893656	893656	1.62471595903246E-06	0.072463768115942	3.24943191806492E-07	0.014492753623188	1.94965915083895E-06	0.086956521739131	9.93539344820415E-07	0.044776119402985	1.49030901723062E-05	0.671641791044776	0	0	1.56294364806677E-05	0.697674418604651	7.29373702431159E-06	0.325581395348837	2.08392486408903E-06	0.093023255813954	4.58789511847959E-05	1.95238095238095	1.79039809501643E-05	0.761904761904762	2.23799761877053E-06	0.095238095238095
54	2	1	7	1	31	2	48	23	4	31	20	2	2706687	2706687	2706687	2447683	2447683	2447683	3173953	3173953	3173953	1225345	1225345	1225345	7.38910705227461E-07	0.035087719298246	3.6945535261373E-07	0.017543859649123	2.58618746829611E-06	0.12280701754386	4.08549636533816E-07	0.019230769230769	1.26650387325483E-05	0.596153846153846	8.17099273067632E-07	0.038461538461539	1.51230972859396E-05	0.716417910447761	7.24648411617941E-06	0.343283582089552	1.26025810716164E-06	0.059701492537314	2.52989974252149E-05	1.29166666666667	1.63219338227193E-05	0.833333333333333	1.63219338227193E-06	0.083333333333333
55	1	0	9	2	36	1	41	27	7	21	9	1	3094977	3094977	3094977	2360565	2360565	2360565	3329363	3329363	3329363	515037	515037	515037	3.23104178157059E-07	0.015384615384615	0	0	2.90793760341353E-06	0.138461538461538	8.47254788578158E-07	0.04	1.52505861944068E-05	0.72	4.23627394289079E-07	0.02	1.23146680010561E-05	0.561643835616438	8.1096594153296E-06	0.36986301369863	2.10250429286323E-06	0.095890410958904	4.07737696515008E-05	1.75	1.7474472707786E-05	0.75	1.94160807864289E-06	0.083333333333333
56	3	1	14	2	35	1	39	17	3	45	17	3	3231103	3231103	3231103	2373415	2373415	2373415	3202999	3202999	3202999	1006690	1006690	1006690	9.28475508208807E-07	0.044776119402985	3.09491836069602E-07	0.014925373134328	4.33288570497443E-06	0.208955223880597	8.42667632925553E-07	0.041666666666667	1.47466835761972E-05	0.729166666666667	4.21333816462776E-07	0.020833333333333	1.2176088721851E-05	0.6	5.30752585311453E-06	0.261538461538462	9.36622209373153E-07	0.046153846153846	4.47009506402169E-05	2.25	1.68870257974153E-05	0.85	2.98006337601446E-06	0.15
57	1	2	7	4	39	0	49	14	2	37	10	1	2902262	2902262	2902262	2656113	2656113	2656113	3109066	3109066	3109066	798507	798507	798507	3.44558830319247E-07	0.016666666666667	6.89117660638495E-07	0.033333333333333	2.41191181223473E-06	0.116666666666667	1.50596002504412E-06	0.070175438596491	1.46831102441801E-05	0.68421052631579	0	0	1.57603601853418E-05	0.742424242424242	4.50296005295481E-06	0.212121212121212	6.43280007564973E-07	0.03030303030303	4.63364754473035E-05	2.17647058823529	1.25233717425145E-05	0.588235294117647	1.25233717425145E-06	0.058823529411765
58	4	2	11	4	26	0	32	19	2	66	15	3	2631424	2631424	2631424	2098698	2098698	2098698	2920809	2920809	2920809	1333138	1333138	1333138	1.52008950286993E-06	0.068965517241379	7.60044751434964E-07	0.03448275862069	4.1802461328923E-06	0.189655172413793	1.90594358978757E-06	0.085106382978723	1.23886333336192E-05	0.553191489361702	0	0	1.09558687336283E-05	0.492307692307692	6.50504706059177E-06	0.292307692307692	6.84741795851766E-07	0.030769230769231	4.9507252812537E-05	2.2	1.12516483664857E-05	0.5	2.25032967329714E-06	0.1
59	4	1	8	1	42	1	47	20	5	65	14	3	2704013	2704013	2704013	2319445	2319445	2319445	3397667	3397667	3397667	1190696	1190696	1190696	1.47928282889173E-06	0.070175438596491	3.69820707222931E-07	0.017543859649123	2.95856565778345E-06	0.140350877192982	4.31137621284402E-07	0.020833333333333	1.81077800939449E-05	0.875	4.31137621284402E-07	0.020833333333333	1.38330213055017E-05	0.671428571428571	5.88639204489434E-06	0.285714285714286	1.47159801122358E-06	0.071428571428572	5.45899205170757E-05	2.6	1.17578290344471E-05	0.56	2.5195347930958E-06	0.12
60	2	0	9	4	24	1	42	34	2	53	12	5	2548152	2548152	2548152	2648923	2648923	2648923	3158948	3158948	3158948	924607	924607	924607	7.8488253447989E-07	0.037037037037037	0	0	3.5319714051595E-06	0.166666666666667	1.51004766842977E-06	0.070175438596491	9.06028601057864E-06	0.421052631578947	3.77511917107443E-07	0.017543859649123	1.3295565485725E-05	0.608695652173913	1.07630768217774E-05	0.492753623188406	6.33122165986905E-07	0.028985507246377	5.73216512529107E-05	2.65	1.29784870761307E-05	0.6	5.4077029483878E-06	0.25
61	2	1	14	3	36	2	54	35	9	56	10	0	2881580	2881580	2881580	2353084	2353084	2353084	3212992	3212992	3212992	973180	973180	973180	6.94063673401398E-07	0.031746031746032	3.47031836700699E-07	0.015873015873016	4.85844571380979E-06	0.222222222222222	1.27492261219744E-06	0.061224489795918	1.52990713463693E-05	0.73469387755102	8.49948408131626E-07	0.040816326530612	1.68067645359839E-05	0.805970149253731	1.08932733103599E-05	0.522388059701493	2.80112742266398E-06	0.134328358208955	5.75433116175836E-05	2.66666666666667	1.02755913602828E-05	0.476190476190476	0	0
62	5	1	11	10	26	2	43	18	3	49	12	0	2979437	2979437	2979437	2236847	2236847	2236847	2816458	2816458	2816458	1011524	1011524	1011524	1.67816939911802E-06	0.076923076923077	3.35633879823604E-07	0.015384615384615	3.69197267805965E-06	0.169230769230769	4.47057845261656E-06	0.196078431372549	1.16235039768031E-05	0.509803921568627	8.94115690523313E-07	0.03921568627451	1.52674032419443E-05	0.693548387096774	6.39100600825576E-06	0.290322580645161	1.06516766804263E-06	0.048387096774194	4.84417571901408E-05	2.22727272727273	1.18632874751365E-05	0.545454545454545	0	0
63	2	1	6	2	29	2	49	26	2	45	12	0	3327037	3327037	3327037	2595548	2595548	2595548	3216787	3216787	3216787	845374	845374	845374	6.01135484817271E-07	0.029850746268657	3.00567742408636E-07	0.014925373134328	1.80340645445181E-06	0.08955223880597	7.70550188245411E-07	0.03921568627451	1.11729777295585E-05	0.568627450980392	7.70550188245411E-07	0.03921568627451	1.52325907808008E-05	0.753846153846154	8.08259918981269E-06	0.4	6.21738399216361E-07	0.030769230769231	5.32308776943696E-05	2.64705882352941	1.41949007184986E-05	0.705882352941176	0	0
64	3	0	10	0	67	0	39	22	5	54	9	4	2709180	2709180	2709180	3176965	3176965	3176965	2411490	2411490	2411490	1144483	1144483	1144483	1.10734613425465E-06	0.052631578947369	0	0	3.69115378084882E-06	0.175438596491228	0	0	2.10893100805328E-05	0.985294117647059	0	0	1.61725738029185E-05	0.78	9.1229903503643E-06	0.44	2.07340689781007E-06	0.1	4.71828764603756E-05	2.16	7.86381274339593E-06	0.36	3.49502788595374E-06	0.16
65	2	1	10	1	33	0	42	26	3	67	20	2	2657696	2657696	2657696	1886567	1886567	1886567	3064750	3064750	3064750	1440774	1440774	1440774	7.52531516019891E-07	0.03448275862069	3.76265758009945E-07	0.017241379310345	3.76265758009945E-06	0.172413793103448	5.3006333726817E-07	0.023809523809524	1.74920901298496E-05	0.785714285714286	0	0	1.37042173097316E-05	0.608695652173913	8.48356309650053E-06	0.376811594202899	9.78872664980831E-07	0.043478260869565	4.65027825321667E-05	2.16129032258064	1.38814276215423E-05	0.645161290322581	1.38814276215423E-06	0.064516129032258
66	2	1	21	1	39	0	46	20	4	71	16	3	2412232	2412232	2412232	2004485	2004485	2004485	3438153	3438153	3438153	1232204	1232204	1232204	8.29107648020588E-07	0.037735849056604	4.14553824010294E-07	0.018867924528302	8.70563030421618E-06	0.39622641509434	4.98881258777192E-07	0.022727272727273	1.94563690923105E-05	0.886363636363636	0	0	1.33792766057822E-05	0.605263157894737	5.81707678512271E-06	0.263157894736842	1.16341535702454E-06	0.052631578947369	5.76203291013501E-05	2.62962962962963	1.29848628960789E-05	0.592592592592593	2.43466179301479E-06	0.111111111111111
67	2	2	10	2	36	2	38	8	6	78	17	9	3098981	3098981	3098981	2281439	2281439	2281439	3013102	3013102	3013102	1142823	1142823	1142823	6.45373430814839E-07	0.030769230769231	6.45373430814839E-07	0.030769230769231	3.22686715407419E-06	0.153846153846154	8.76639699768436E-07	0.042553191489362	1.57795145958318E-05	0.765957446808511	8.76639699768436E-07	0.042553191489362	1.26115876594951E-05	0.603174603174603	2.65507108620949E-06	0.126984126984127	1.99130331465712E-06	0.095238095238095	6.8252039029666E-05	3.12	1.48754444039016E-05	0.68	7.87523527265377E-06	0.36
68	2	2	11	1	42	0	39	7	3	54	14	1	3057811	3057811	3057811	2142975	2142975	2142975	3246963	3246963	3246963	1133312	1133312	1133312	6.54062661165128E-07	0.032258064516129	6.54062661165128E-07	0.032258064516129	3.5973446364082E-06	0.17741935483871	4.66641001411589E-07	0.021739130434783	1.95989220592867E-05	0.91304347826087	0	0	1.2011224026883E-05	0.573529411764706	2.15586072277387E-06	0.102941176470588	9.23940309760228E-07	0.044117647058824	4.76479557262254E-05	2.25	1.23531737067992E-05	0.583333333333333	8.82369550485656E-07	0.041666666666667
69	6	0	17	3	30	1	42	28	9	39	8	2	2655591	2655591	2655591	1953799	1953799	1953799	3348798	3348798	3348798	731969	731969	731969	2.25938406930887E-06	0.098360655737705	0	0	6.40158819637512E-06	0.278688524590164	1.53547012768458E-06	0.066666666666667	1.53547012768458E-05	0.666666666666667	5.11823375894859E-07	0.022222222222222	1.25418135103999E-05	0.545454545454545	8.36120900693323E-06	0.363636363636364	2.68753146651425E-06	0.116883116883117	5.32809449580515E-05	2.29411764705882	1.09294246067798E-05	0.470588235294118	2.73235615169495E-06	0.117647058823529
70	4	1	9	4	35	0	57	30	4	37	14	0	2690499	2690499	2690499	2254316	2254316	2254316	3420970	3420970	3420970	808022	808022	808022	1.48671305954769E-06	0.068965517241379	3.71678264886922E-07	0.017241379310345	3.3451043839823E-06	0.155172413793103	1.77437413388363E-06	0.081632653061225	1.55257736714817E-05	0.714285714285714	0	0	1.66619409114959E-05	0.76	8.76944258499782E-06	0.4	1.16925901133304E-06	0.053333333333333	4.57908324278299E-05	2.05555555555556	1.73262609186384E-05	0.777777777777778	0	0
71	6	3	20	1	49	1	49	22	3	21	8	2	3282156	3282156	3282156	2480923	2480923	2480923	3206115	3206115	3206115	417934	417934	417934	1.82806667324771E-06	0.084507042253521	9.14033336623853E-07	0.042253521126761	6.09355557749235E-06	0.28169014084507	4.03075790744009E-07	0.018867924528302	1.97507137464565E-05	0.924528301886792	4.03075790744009E-07	0.018867924528302	1.52832945792649E-05	0.73134328358209	6.86188736211895E-06	0.328358208955224	9.35711913016221E-07	0.044776119402985	5.02471682131628E-05	2.33333333333333	1.91417783669192E-05	0.888888888888889	4.7854445917298E-06	0.222222222222222
72	5	0	11	1	35	1	63	26	8	34	14	2	2933375	2933375	2933375	1888896	1888896	1888896	3546550	3546550	3546550	548148	548148	548148	1.70452124259599E-06	0.076923076923077	0	0	3.74994673371117E-06	0.169230769230769	5.29409771633801E-07	0.023255813953488	1.8529342007183E-05	0.813953488372093	5.29409771633801E-07	0.023255813953488	1.77637422283628E-05	0.7875	7.33106822122908E-06	0.325	2.25571329883972E-06	0.1	6.20270437910929E-05	2.83333333333333	2.55405474433912E-05	1.16666666666667	3.64864963477017E-06	0.166666666666667
73	3	2	12	3	26	0	49	22	3	30	11	1	3172034	3172034	3172034	1536386	1536386	1536386	2774421	2774421	2774421	609925	609925	609925	9.45765398479335E-07	0.037974683544304	6.3051026565289E-07	0.025316455696203	3.78306159391734E-06	0.151898734177215	1.95263429893269E-06	0.078947368421053	1.692283059075E-05	0.68421052631579	0	0	1.76613426729397E-05	0.710144927536232	7.92958242458517E-06	0.318840579710145	1.08130669426161E-06	0.043478260869565	4.91863753740214E-05	2.14285714285714	1.80350043038078E-05	0.785714285714286	1.63954584580071E-06	0.071428571428572
74	6	0	18	2	31	0	35	24	4	30	13	3	3867990	3867990	3867990	1676612	1676612	1676612	2645418	2645418	2645418	807881	807881	807881	1.55119325541173E-06	0.070588235294118	0	0	4.65357976623518E-06	0.211764705882353	1.19288183551114E-06	0.054054054054054	1.84896684504226E-05	0.837837837837838	0	0	1.32304233206246E-05	0.593220338983051	9.0722902769997E-06	0.406779661016949	1.51204837949995E-06	0.067796610169492	3.71341818906497E-05	1.57894736842105	1.60914788192816E-05	0.68421052631579	3.71341818906497E-06	0.157894736842105
75	0	1	11	1	38	0	46	28	1	104	20	1	2404663	2404663	2404663	2224933	2224933	2224933	3844792	3844792	3844792	1341076	1341076	1341076	0	0	4.15858687890985E-07	0.02	4.57444556680084E-06	0.22	4.49451736299475E-07	0.022727272727273	1.70791659793801E-05	0.863636363636364	0	0	1.1964236296788E-05	0.582278481012658	7.28257861543615E-06	0.354430379746835	2.60092093408434E-07	0.012658227848101	7.75496690717006E-05	3.85185185185185	1.4913397898404E-05	0.740740740740741	7.45669894920199E-07	0.037037037037037
76	3	1	2	1	49	0	32	16	2	99	19	8	2519047	2519047	2519047	2749191	2749191	2749191	2890714	2890714	2890714	1651642	1651642	1651642	1.1909265686587E-06	0.058823529411765	3.96975522886234E-07	0.019607843137255	7.93951045772469E-07	0.03921568627451	3.63743370322397E-07	0.017543859649123	1.78234251457974E-05	0.859649122807017	0	0	1.10699294361186E-05	0.551724137931034	5.53496471805928E-06	0.275862068965517	6.91870589757409E-07	0.03448275862069	5.99403502696105E-05	2.91176470588235	1.1503703587097E-05	0.558823529411765	4.84366466825135E-06	0.235294117647059
77	3	2	11	2	37	2	42	22	5	90	19	4	2732021	2732021	2732021	2445555	2445555	2445555	3264032	3264032	3264032	1325038	1325038	1325038	1.09808819185504E-06	0.054545454545455	7.32058794570027E-07	0.036363636363636	4.02632337013515E-06	0.2	8.17810272105923E-07	0.04	1.51294900339596E-05	0.74	8.17810272105923E-07	0.04	1.28675209066578E-05	0.617647058823529	6.7401299987255E-06	0.323529411764706	1.53184772698307E-06	0.073529411764706	6.79225803335452E-05	3.33333333333333	1.43392114037484E-05	0.703703703703704	3.01878134815756E-06	0.148148148148148
78	0	0	11	5	40	0	60	28	4	42	14	0	2509743	2509743	2509743	2624502	2624502	2624502	3946711	3946711	3946711	841474	841474	841474	0	0	0	0	4.38291888850771E-06	0.211538461538462	1.90512333387439E-06	0.098039215686275	1.52409866709951E-05	0.784313725490196	0	0	1.5202531931018E-05	0.75	7.09451490114174E-06	0.35	1.01350212873453E-06	0.05	4.99124155945401E-05	2.47058823529412	1.66374718648467E-05	0.823529411764706	0	0
79	5	1	11	2	58	1	49	20	5	73	13	1	2958424	2958424	2958424	2356747	2356747	2356747	3058286	3058286	3058286	1058600	1058600	1058600	1.69008904741173E-06	0.081967213114754	3.38017809482346E-07	0.016393442622951	3.71819590430581E-06	0.180327868852459	8.48627366450451E-07	0.03921568627451	2.46101936270631E-05	1.13725490196078	4.24313683225225E-07	0.019607843137255	1.6022046335758E-05	0.753846153846154	6.53961074928898E-06	0.307692307692308	1.63490268732225E-06	0.076923076923077	6.89590024560741E-05	3.17391304347826	1.22803703003968E-05	0.565217391304348	9.44643869261289E-07	0.043478260869565
80	6	0	24	4	44	1	36	24	1	45	16	1	3309463	3309463	3309463	2113913	2113913	2113913	2142026	2142026	2142026	1038729	1038729	1038729	1.81298295221914E-06	0.077922077922078	0	0	7.25193180887655E-06	0.311688311688312	1.89222546055585E-06	0.081632653061225	2.08144800661144E-05	0.897959183673469	4.73056365138963E-07	0.020408163265306	1.68065186883819E-05	0.72	1.12043457922546E-05	0.48	4.66847741343943E-07	0.02	4.33221754663632E-05	1.875	1.5403440165818E-05	0.666666666666667	9.62715010363627E-07	0.041666666666667
81	5	11	79	2	60	2	46	153	27	86	13	2	2584962	2584962	2584962	2353706	2353706	2353706	2434944	2434944	2434944	1067626	1067626	1067626	1.93426441085014E-06	0.080645161290323	4.25538170387031E-06	0.17741935483871	3.05613776914322E-05	1.2741935483871	8.49723797279694E-07	0.035714285714286	2.54917139183908E-05	1.07142857142857	8.49723797279694E-07	0.035714285714286	1.88916048993324E-05	0.807017543859649	6.28351206434316E-05	2.68421052631579	1.10885507017821E-05	0.473684210526316	8.05525530476028E-05	3.44	1.21765487164981E-05	0.52	1.87331518715355E-06	0.08
82	24	10	93	2	40	2	52	211	13	62	14	1	2819162	2819162	2819162	1610187	1610187	1610187	3106279	3106279	3106279	963142	963142	963142	8.5131680974701E-06	0.363636363636364	3.54715337394587E-06	0.151515151515152	3.29885263776966E-05	1.40909090909091	1.24209175704437E-06	0.052631578947369	2.48418351408874E-05	1.05263157894737	1.24209175704437E-06	0.052631578947369	1.67402863683526E-05	0.712328767123288	6.79269312254308E-05	2.89041095890411	4.18507159208815E-06	0.178082191780822	6.4372647024011E-05	2.69565217391304	1.45357590054218E-05	0.608695652173913	1.03826850038727E-06	0.043478260869565
83	1	3	9	0	25	0	19	48	2	8	11	0	1686692	1686692	1686692	1433286	1433286	1433286	1878868	1878868	1878868	1131491	1131491	1131491	5.92876470630085E-07	0.021276595744681	1.77862941189026E-06	0.063829787234043	5.33588823567077E-06	0.191489361702128	0	0	1.74424364711579E-05	0.641025641025641	0	0	1.01124719778079E-05	0.365384615384615	2.55472976281463E-05	0.923076923076923	1.0644707345061E-06	0.038461538461539	7.07031695347113E-06	0.258064516129032	9.7216858110228E-06	0.354838709677419	0	0
