BIN_NUM	A>T_COUNT	A>C_COUNT	A>G_COUNT	T>A_COUNT	T>C_COUNT	T>G_COUNT	C>A_COUNT	C>T_COUNT	C>G_COUNT	G>A_COUNT	G>T_COUNT	G>C_COUNT	A>T_DENOM	A>C_DENOM	A>G_DENOM	T>A_DENOM	T>C_DENOM	T>G_DENOM	C>A_DENOM	C>T_DENOM	C>G_DENOM	G>A_DENOM	G>T_DENOM	G>C_DENOM	A>T_Freq	A>T_Density	A>C_Freq	A>C_Density	A>G_Freq	A>G_Density	T>A_Freq	T>A_Density	T>C_Freq	T>C_Density	T>G_Freq	T>G_Density	C>A_Freq	C>A_Density	C>T_Freq	C>T_Density	C>G_Freq	C>G_Density	G>A_Freq	G>A_Density	G>T_Freq	G>T_Density	G>C_Freq	G>C_Density	Age
1	0	0	2	0	4	0	3	2	1	15	8	3	12501543	12501543	12501543	10292137	10292137	10292137	5179155	5179155	5179155	5551290	5551290	5551290	0	0	0	0	1.59980252037688E-07	0.052631578947368	0	0	3.8864620632236E-07	0.133333333333333	0	0	5.79245069900399E-07	0.2	3.86163379933599E-07	0.133333333333333	1.930816899668E-07	0.066666666666667	2.70207465291851E-06	0.882352941176471	1.44110648155654E-06	0.470588235294118	5.40414930583702E-07	0.176470588235294	0
2	1	0	4	1	6	0	5	1	5	24	8	2	19469560	19469560	19469560	11905132	11905132	11905132	8465957	8465957	8465957	7535280	7535280	7535280	5.13622290385607E-08	0.024390243902439	0	0	2.05448916154243E-07	0.097560975609756	8.39973886891804E-08	0.04	5.03984332135083E-07	0.24	0	0	5.9060068460069E-07	0.277777777777778	1.18120136920138E-07	0.055555555555556	5.9060068460069E-07	0.277777777777778	3.18501767684811E-06	1.5	1.06167255894937E-06	0.5	2.65418139737342E-07	0.125	0
3	0	0	3	1	3	0	7	6	4	21	17	5	17706985	17706985	17706985	12573962	12573962	12573962	11488544	11488544	11488544	9820391	9820391	9820391	0	0	0	0	1.69424664899191E-07	0.088235294117647	7.95294275583146E-08	0.041666666666667	2.38588282674944E-07	0.125	0	0	6.09302623552645E-07	0.304347826086957	5.22259391616553E-07	0.260869565217391	3.48172927744369E-07	0.173913043478261	2.13840772735016E-06	1.10526315789474	1.73109196975966E-06	0.894736842105263	5.09144696988134E-07	0.263157894736842	0
4	2	0	1	0	3	0	8	3	1	37	5	4	19055176	19055176	19055176	12479615	12479615	12479615	11650936	11650936	11650936	6578382	6578382	6578382	1.04958358820721E-07	0.051282051282051	0	0	5.24791794103607E-08	0.025641025641026	0	0	2.40392031324684E-07	0.12	0	0	6.86640112004735E-07	0.347826086956522	2.57490042001776E-07	0.130434782608696	8.58300140005919E-08	0.043478260869565	5.62448334560079E-06	2.84615384615385	7.60065316973079E-07	0.384615384615385	6.08052253578463E-07	0.307692307692308	0
5	0	0	2	0	9	0	8	1	5	24	9	3	18645157	18645157	18645157	13526567	13526567	13526567	7443613	7443613	7443613	7010177	7010177	7010177	0	0	0	0	1.0726646066858E-07	0.05	0	0	6.65357292800161E-07	0.310344827586207	0	0	1.07474690046353E-06	0.5	1.34343362557941E-07	0.0625	6.71716812789703E-07	0.3125	3.42359401196289E-06	1.6	1.28384775448609E-06	0.6	4.27949251495362E-07	0.2	0
6	0	0	1	0	3	0	12	5	5	14	7	3	18787294	18787294	18787294	11999211	11999211	11999211	10924801	10924801	10924801	6283707	6283707	6283707	0	0	0	0	5.32274631993304E-08	0.025641025641026	0	0	2.50016438580837E-07	0.12	0	0	1.09841817713659E-06	0.521739130434783	4.57674240473579E-07	0.217391304347826	4.57674240473579E-07	0.217391304347826	2.22798421377699E-06	1.07692307692308	1.1139921068885E-06	0.538461538461538	4.77425188666499E-07	0.230769230769231	0
7	0	1	0	0	4	0	10	7	3	18	5	7	12687338	12687338	12687338	14176165	14176165	14176165	14968911	14968911	14968911	5189239	5189239	5189239	0	0	7.88187403850989E-08	0.037037037037037	0	0	0	0	2.82163758675213E-07	0.133333333333333	0	0	6.68051269728306E-07	0.3125	4.67635888809814E-07	0.21875	2.00415380918492E-07	0.09375	3.46871670393289E-06	1.63636363636364	9.63532417759136E-07	0.454545454545455	1.34894538486279E-06	0.636363636363636	0
8	2	0	1	0	4	1	12	2	3	34	9	3	18991912	18991912	18991912	9841303	9841303	9841303	5601716	5601716	5601716	8430106	8430106	8430106	1.05307985841552E-07	0.045454545454546	0	0	5.2653992920776E-08	0.022727272727273	0	0	4.06450243428131E-07	0.173913043478261	1.01612560857033E-07	0.043478260869565	2.14220071135345E-06	0.923076923076923	3.57033451892242E-07	0.153846153846154	5.35550177838362E-07	0.230769230769231	4.03316399580266E-06	1.7	1.06760223418306E-06	0.45	3.55867411394353E-07	0.15	0
9	0	0	5	0	3	0	5	1	1	15	4	4	18326172	18326172	18326172	11045958	11045958	11045958	4615716	4615716	4615716	8547135	8547135	8547135	0	0	0	0	2.72833846588366E-07	0.116279069767442	0	0	2.71592559015705E-07	0.115384615384615	0	0	1.08325555558444E-06	0.454545454545455	2.16651111116888E-07	0.090909090909091	2.16651111116888E-07	0.090909090909091	1.75497403515915E-06	0.75	4.6799307604244E-07	0.2	4.6799307604244E-07	0.2	0
10	0	0	1	0	4	0	12	5	5	23	4	5	14927072	14927072	14927072	10409713	10409713	10409713	9242742	9242742	9242742	5604724	5604724	5604724	0	0	0	0	6.69923746599467E-08	0.027027027027027	0	0	3.84256511202566E-07	0.153846153846154	0	0	1.29831601920729E-06	0.521739130434783	5.40965008003036E-07	0.217391304347826	5.40965008003036E-07	0.217391304347826	4.10368110900733E-06	1.64285714285714	7.1368367113171E-07	0.285714285714286	8.92104588914637E-07	0.357142857142857	0
11	2	1	2	0	4	0	4	3	8	24	6	5	14267015	14267015	14267015	11045821	11045821	11045821	8051737	8051737	8051737	7374216	7374216	7374216	1.40183493183402E-07	0.057142857142857	7.00917465917012E-08	0.028571428571429	1.40183493183402E-07	0.057142857142857	0	0	3.62127903394415E-07	0.148148148148148	0	0	4.96787214982308E-07	0.2	3.72590411236731E-07	0.15	9.93574429964615E-07	0.4	3.25458326688559E-06	1.33333333333333	8.13645816721398E-07	0.333333333333333	6.78038180601165E-07	0.277777777777778	0
12	1	0	1	0	0	0	10	5	4	9	6	1	16379965	16379965	16379965	11573968	11573968	11573968	7428015	7428015	7428015	4375239	4375239	4375239	6.10501914991882E-08	0.024390243902439	0	0	6.10501914991882E-08	0.024390243902439	0	0	0	0	0	0	1.34625468580772E-06	0.526315789473684	6.73127342903858E-07	0.263157894736842	5.38501874323086E-07	0.210526315789474	2.0570304845061E-06	0.818181818181818	1.3713536563374E-06	0.545454545454545	2.285589427229E-07	0.090909090909091	0
13	0	0	0	0	1	0	3	0	1	23	7	7	19921334	19921334	19921334	8682260	8682260	8682260	5777130	5777130	5777130	7050250	7050250	7050250	0	0	0	0	0	0	0	0	1.15177384690161E-07	0.047619047619048	0	0	5.19288989515555E-07	0.214285714285714	0	0	1.73096329838518E-07	0.071428571428571	3.26229566327435E-06	1.35294117647059	9.92872593170455E-07	0.411764705882353	9.92872593170455E-07	0.411764705882353	0
14	0	0	0	0	3	0	7	3	1	24	8	4	19982070	19982070	19982070	10253646	10253646	10253646	9661940	9661940	9661940	6593121	6593121	6593121	0	0	0	0	0	0	0	0	2.92578854389941E-07	0.136363636363636	0	0	7.24492182729348E-07	0.333333333333333	3.10496649741149E-07	0.142857142857143	1.0349888324705E-07	0.047619047619048	3.64015767342962E-06	1.71428571428571	1.21338589114321E-06	0.571428571428571	6.06692945571604E-07	0.285714285714286	0
15	2	0	4	0	3	0	3	0	4	36	4	4	20416655	20416655	20416655	14151124	14151124	14151124	6603726	6603726	6603726	9469556	9469556	9469556	9.79592396501778E-08	0.05	0	0	1.95918479300356E-07	0.1	0	0	2.11997294349198E-07	0.107142857142857	0	0	4.54288987762363E-07	0.230769230769231	0	0	6.05718650349818E-07	0.307692307692308	3.80165659298071E-06	1.89473684210526	4.22406288108967E-07	0.210526315789474	4.22406288108967E-07	0.210526315789474	0
16	1	0	1	0	3	0	4	4	1	32	5	2	22720545	22720545	22720545	12060196	12060196	12060196	7493218	7493218	7493218	8167820	8167820	8167820	4.40130287367667E-08	0.022222222222222	0	0	4.40130287367667E-08	0.022222222222222	0	0	2.48752176166954E-07	0.125	0	0	5.33816045389311E-07	0.266666666666667	5.33816045389311E-07	0.266666666666667	1.33454011347328E-07	0.066666666666667	3.91781405564765E-06	2	6.12158446194946E-07	0.3125	2.44863378477978E-07	0.125	0
17	1	0	1	1	4	0	7	2	3	22	4	0	18973707	18973707	18973707	12070662	12070662	12070662	9942811	9942811	9942811	4202663	4202663	4202663	5.27045136725259E-08	0.023809523809524	0	0	5.27045136725259E-08	0.023809523809524	8.28454976205945E-08	0.037037037037037	3.31381990482378E-07	0.148148148148148	0	0	7.04026255754032E-07	0.318181818181818	2.01150358786866E-07	0.090909090909091	3.01725538180299E-07	0.136363636363636	5.23477614074695E-06	2.44444444444444	9.51777480135809E-07	0.444444444444444	0	0	0
18	0	0	3	0	3	0	9	1	3	26	2	6	13151911	13151911	13151911	11674972	11674972	11674972	7220787	7220787	7220787	6605440	6605440	6605440	0	0	0	0	2.28103733366201E-07	0.088235294117647	0	0	2.56959931038807E-07	0.1	0	0	1.24640153490194E-06	0.473684210526316	1.38489059433549E-07	0.052631578947368	4.15467178300648E-07	0.157894736842105	3.93614959790718E-06	1.52941176470588	3.02780738300552E-07	0.117647058823529	9.08342214901657E-07	0.352941176470588	0
19	0	0	0	0	2	0	10	4	3	15	2	1	13602332	13602332	13602332	7152226	7152226	7152226	7298651	7298651	7298651	3743985	3743985	3743985	0	0	0	0	0	0	0	0	2.79633221880852E-07	0.090909090909091	0	0	1.37011620366558E-06	0.434782608695652	5.48046481466233E-07	0.173913043478261	4.11034861099674E-07	0.130434782608696	4.00642630779771E-06	1.25	5.34190174373028E-07	0.166666666666667	2.67095087186514E-07	0.083333333333333	0
20	0	0	2	0	2	0	6	1	2	13	2	4	8062482	8062482	8062482	4485905	4485905	4485905	6024572	6024572	6024572	3746180	3746180	3746180	0	0	0	0	2.48062569317984E-07	0.057142857142857	0	0	4.45840917273103E-07	0.095238095238095	0	0	9.95921370015994E-07	0.222222222222222	1.65986895002666E-07	0.037037037037037	3.31973790005332E-07	0.074074074074074	3.47020164540946E-06	0.764705882352941	5.3387717621684E-07	0.117647058823529	1.06775435243368E-06	0.235294117647059	0
21	0	0	1	0	3	0	7	0	2	14	5	1	4596903	4596903	4596903	4277400	4277400	4277400	4107949	4107949	4107949	4084277	4084277	4084277	0	0	0	0	2.17537764011988E-07	0.037037037037037	0	0	7.01360639640903E-07	0.12	0	0	1.70401336530712E-06	0.291666666666667	0	0	4.86860961516319E-07	0.083333333333333	3.42777926178856E-06	0.583333333333333	1.2242068792102E-06	0.208333333333333	2.4484137584204E-07	0.041666666666667	0
22	1	0	0	0	0	0	5	0	2	11	0	2	6999147	6999147	6999147	5813723	5813723	5813723	2288455	2288455	2288455	2780792	2780792	2780792	1.42874553141976E-07	0.025641025641026	0	0	0	0	0	0	0	0	0	0	2.18488019209467E-06	0.384615384615385	0	0	8.73952076837867E-07	0.153846153846154	3.95570758258798E-06	0.6875	0	0	7.19219560470542E-07	0.125	0
23	0	0	3	0	2	0	2	2	2	20	0	3	9080806	9080806	9080806	6734715	6734715	6734715	4237963	4237963	4237963	4440448	4440448	4440448	0	0	0	0	3.30367150228735E-07	0.081081081081081	0	0	2.9696876556766E-07	0.071428571428571	0	0	4.71924837474985E-07	0.117647058823529	4.71924837474985E-07	0.117647058823529	4.71924837474985E-07	0.117647058823529	4.50405004179758E-06	1.11111111111111	0	0	6.75607506269638E-07	0.166666666666667	0
24	0	0	1	0	1	0	2	2	0	20	4	3	11594750	11594750	11594750	8218941	8218941	8218941	6168766	6168766	6168766	4723041	4723041	4723041	0	0	0	0	8.62459302701654E-08	0.026315789473684	0	0	1.216701762429E-07	0.037037037037037	0	0	3.24213951380227E-07	0.1	3.24213951380227E-07	0.1	0	0	4.23455989477966E-06	1.33333333333333	8.46911978955931E-07	0.266666666666667	6.35183984216948E-07	0.2	0
25	1	1	1	0	5	0	2	1	1	34	6	3	9623823	9623823	9623823	11750429	11750429	11750429	6406617	6406617	6406617	7870907	7870907	7870907	1.03908810459211E-07	0.037037037037037	1.03908810459211E-07	0.037037037037037	1.03908810459211E-07	0.037037037037037	0	0	4.25516379019013E-07	0.151515151515152	0	0	3.12177238002521E-07	0.111111111111111	1.56088619001261E-07	0.055555555555556	1.56088619001261E-07	0.055555555555556	4.31970546723522E-06	1.54545454545455	7.62300964806216E-07	0.272727272727273	3.81150482403108E-07	0.136363636363636	0
26	0	0	0	0	4	0	8	0	4	30	6	1	10822441	10822441	10822441	8299489	8299489	8299489	7851373	7851373	7851373	7195379	7195379	7195379	0	0	0	0	0	0	0	0	4.81957383159373E-07	0.166666666666667	0	0	1.01893006484344E-06	0.347826086956522	0	0	5.09465032421718E-07	0.173913043478261	4.16934257389361E-06	1.42857142857143	8.33868514778721E-07	0.285714285714286	1.38978085796454E-07	0.047619047619048	0
27	0	0	3	0	3	0	5	0	3	14	3	2	10029150	10029150	10029150	7013879	7013879	7013879	4335858	4335858	4335858	4138161	4138161	4138161	0	0	0	0	2.99128041758275E-07	0.076923076923077	0	0	4.27723375324838E-07	0.111111111111111	0	0	1.15317429675972E-06	0.294117647058824	0	0	6.91904578055831E-07	0.176470588235294	3.38314531503245E-06	0.823529411764706	7.24959710364097E-07	0.176470588235294	4.83306473576064E-07	0.117647058823529	0
28	0	0	2	1	4	0	3	4	1	12	2	3	5949745	5949745	5949745	7504532	7504532	7504532	6795270	6795270	6795270	2529992	2529992	2529992	0	0	0	0	3.36148860161234E-07	0.076923076923077	1.33252813100137E-07	0.03030303030303	5.3301125240055E-07	0.121212121212121	0	0	4.41483561359593E-07	0.1	5.88644748479457E-07	0.133333333333333	1.47161187119864E-07	0.033333333333333	4.74309800189092E-06	1.09090909090909	7.90516333648486E-07	0.181818181818182	1.18577450047273E-06	0.272727272727273	0
29	0	1	2	0	0	0	7	2	1	24	5	4	9329782	9329782	9329782	7309933	7309933	7309933	6684067	6684067	6684067	4449132	4449132	4449132	0	0	1.07183640518074E-07	0.029411764705882	2.14367281036149E-07	0.058823529411765	0	0	0	0	0	0	1.04726658185802E-06	0.291666666666667	2.99219023388006E-07	0.083333333333333	1.49609511694003E-07	0.041666666666667	5.39431062058847E-06	1.5	1.1238147126226E-06	0.3125	8.99051770098078E-07	0.25	0
30	0	0	4	0	6	0	8	2	1	11	7	0	12161732	12161732	12161732	10477480	10477480	10477480	9128876	9128876	9128876	2012935	2012935	2012935	0	0	0	0	3.28900521734898E-07	0.111111111111111	0	0	5.72656783883147E-07	0.193548387096774	0	0	8.76340088308791E-07	0.296296296296296	2.19085022077198E-07	0.074074074074074	1.09542511038599E-07	0.037037037037037	5.46465732872646E-06	1.83333333333333	3.47750920918957E-06	1.16666666666667	0	0	0
31	2	0	0	0	3	0	7	2	2	18	2	2	11504434	11504434	11504434	14881987	14881987	14881987	9935471	9935471	9935471	3562619	3562619	3562619	1.73846014501887E-07	0.068965517241379	0	0	0	0	0	0	2.01585984452211E-07	0.081081081081081	0	0	7.04546367253248E-07	0.28	2.01298962072357E-07	0.08	2.01298962072357E-07	0.08	5.05246280896161E-06	2	5.6138475655129E-07	0.222222222222222	5.6138475655129E-07	0.222222222222222	0
32	0	0	1	1	6	0	11	2	7	33	4	2	14811850	14811850	14811850	12115501	12115501	12115501	11199087	11199087	11199087	6666647	6666647	6666647	0	0	0	0	6.75135111414172E-08	0.03030303030303	8.25388896422855E-08	0.037037037037037	4.95233337853713E-07	0.222222222222222	0	0	9.82222925851009E-07	0.44	1.78585986518365E-07	0.08	6.25050952814279E-07	0.28	4.95001460254308E-06	2.2	6.00001770005222E-07	0.266666666666667	3.00000885002611E-07	0.133333333333333	0
33	0	0	1	2	8	1	7	2	6	20	5	5	16064052	16064052	16064052	13323929	13323929	13323929	12383296	12383296	12383296	4126446	4126446	4126446	0	0	0	0	6.22507945068903E-08	0.028571428571429	1.50105873425174E-07	0.068965517241379	6.00423493700694E-07	0.275862068965517	7.50529367125868E-08	0.03448275862069	5.65277612680824E-07	0.259259259259259	1.61507889337378E-07	0.074074074074074	4.84523668012135E-07	0.222222222222222	4.84678582974308E-06	2.22222222222222	1.21169645743577E-06	0.555555555555556	1.21169645743577E-06	0.555555555555556	0
34	0	0	6	0	3	0	4	4	2	49	6	1	15879447	15879447	15879447	9828497	9828497	9828497	10938213	10938213	10938213	9804241	9804241	9804241	0	0	0	0	3.77846911167624E-07	0.176470588235294	0	0	3.05234869583823E-07	0.142857142857143	0	0	3.65690446876469E-07	0.166666666666667	3.65690446876469E-07	0.166666666666667	1.82845223438234E-07	0.083333333333333	4.99783716046964E-06	2.33333333333333	6.1198006046567E-07	0.285714285714286	1.01996676744278E-07	0.047619047619048	0
35	1	0	1	0	7	0	7	4	3	21	7	0	12721780	12721780	12721780	13282659	13282659	13282659	11138058	11138058	11138058	4322981	4322981	4322981	7.86053523956553E-08	0.032258064516129	0	0	7.86053523956553E-08	0.032258064516129	0	0	5.27002914100257E-07	0.21875	0	0	6.28475807901162E-07	0.259259259259259	3.59129033086378E-07	0.148148148148148	2.69346774814784E-07	0.111111111111111	4.85775903248245E-06	2.1	1.61925301082748E-06	0.7	0	0	0
36	0	0	1	0	2	0	10	0	6	20	3	1	10554592	10554592	10554592	10464826	10464826	10464826	10470182	10470182	10470182	3451425	3451425	3451425	0	0	0	0	9.47454908725984E-08	0.033333333333333	0	0	1.91116412255684E-07	0.066666666666667	0	0	9.55093235246532E-07	0.333333333333333	0	0	5.73055941147919E-07	0.2	5.79470798293459E-06	2	8.69206197440188E-07	0.3	2.89735399146729E-07	0.1	0
37	0	0	1	0	2	0	6	0	6	16	2	1	9273227	9273227	9273227	9577702	9577702	9577702	6319213	6319213	6319213	2605330	2605330	2605330	0	0	0	0	1.07837325668831E-07	0.03030303030303	0	0	2.08818357472387E-07	0.058823529411765	0	0	9.49485323567982E-07	0.260869565217391	0	0	9.49485323567982E-07	0.260869565217391	6.14125657786154E-06	1.6	7.67657072232692E-07	0.2	3.83828536116346E-07	0.1	0
38	0	0	1	0	2	0	1	0	1	11	2	0	8104330	8104330	8104330	6812179	6812179	6812179	2982825	2982825	2982825	3409244	3409244	3409244	0	0	0	0	1.23390829346781E-07	0.026315789473684	0	0	2.93591815482241E-07	0.0625	0	0	3.3525265478196E-07	0.071428571428571	0	0	3.3525265478196E-07	0.071428571428571	3.22652177432885E-06	0.6875	5.86640322605246E-07	0.125	0	0	0
39	0	0	3	0	2	0	4	0	0	18	10	1	7466511	7466511	7466511	5971955	5971955	5971955	5185016	5185016	5185016	3318179	3318179	3318179	0	0	0	0	4.01794090975022E-07	0.088235294117647	0	0	3.34898705700227E-07	0.074074074074074	0	0	7.71453742862124E-07	0.166666666666667	0	0	0	0	5.42466214149387E-06	1.2	3.01370118971882E-06	0.666666666666667	3.01370118971882E-07	0.066666666666667	0
40	0	0	0	0	6	0	6	5	3	9	4	0	9648364	9648364	9648364	9105087	9105087	9105087	9922213	9922213	9922213	1839484	1839484	1839484	0	0	0	0	0	0	0	0	6.58972286591001E-07	0.2	0	0	6.04703809523138E-07	0.181818181818182	5.03919841269281E-07	0.151515151515152	3.02351904761569E-07	0.090909090909091	4.89267642447556E-06	1.5	2.17452285532247E-06	0.666666666666667	0	0	0
41	0	1	1	1	4	0	3	4	4	25	6	1	15378300	15378300	15378300	7104994	7104994	7104994	10731107	10731107	10731107	4791117	4791117	4791117	0	0	6.50266934576644E-08	0.025	6.50266934576644E-08	0.025	1.40746072410476E-07	0.052631578947368	5.62984289641905E-07	0.210526315789474	0	0	2.79561092811767E-07	0.107142857142857	3.72748123749022E-07	0.142857142857143	3.72748123749022E-07	0.142857142857143	5.21798987584732E-06	1.92307692307692	1.25231757020336E-06	0.461538461538462	2.08719595033893E-07	0.076923076923077	0
42	0	0	1	0	5	0	11	5	2	12	3	1	17584442	17584442	17584442	10566168	10566168	10566168	11402221	11402221	11402221	4380840	4380840	4380840	0	0	0	0	5.68684522374949E-08	0.025	0	0	4.73208451730088E-07	0.208333333333333	0	0	9.64724328707539E-07	0.423076923076923	4.38511058503427E-07	0.192307692307692	1.75404423401371E-07	0.076923076923077	2.73920070123538E-06	1.2	6.84800175308845E-07	0.3	2.28266725102948E-07	0.1	0
43	0	0	1	0	3	0	7	2	6	24	2	1	13988011	13988011	13988011	10916531	10916531	10916531	13116596	13116596	13116596	5652391	5652391	5652391	0	0	0	0	7.14897922227828E-08	0.03125	0	0	2.74812575533381E-07	0.12	0	0	5.33675048007883E-07	0.233333333333333	1.52478585145109E-07	0.066666666666667	4.57435755435328E-07	0.2	4.24599076744691E-06	1.84615384615385	3.53832563953909E-07	0.153846153846154	1.76916281976955E-07	0.076923076923077	0
44	0	0	0	0	3	0	12	1	2	6	6	1	13131711	13131711	13131711	15929460	15929460	15929460	10207431	10207431	10207431	1647058	1647058	1647058	0	0	0	0	0	0	0	0	1.88330301215484E-07	0.076923076923077	0	0	1.17561411877288E-06	0.48	9.79678432310735E-08	0.04	1.95935686462147E-07	0.08	3.64285896428663E-06	1.5	3.64285896428663E-06	1.5	6.07143160714438E-07	0.25	0
45	0	0	1	0	3	0	5	4	5	38	2	4	15675878	15675878	15675878	10675836	10675836	10675836	8222011	8222011	8222011	6475663	6475663	6475663	0	0	0	0	6.3792280087916E-08	0.026315789473684	0	0	2.8100843812138E-07	0.115384615384615	0	0	6.08123730313667E-07	0.25	4.86498984250933E-07	0.2	6.08123730313667E-07	0.25	5.86812500897592E-06	2.375	3.08848684682943E-07	0.125	6.17697369365886E-07	0.25	0
46	0	0	1	0	4	0	9	5	6	5	2	2	12584612	12584612	12584612	11480175	11480175	11480175	12309922	12309922	12309922	726575	726575	726575	0	0	0	0	7.9462124060718E-08	0.029411764705882	0	0	3.48426744365831E-07	0.129032258064516	0	0	7.31117548917044E-07	0.272727272727273	4.06176416065025E-07	0.151515151515152	4.8741169927803E-07	0.181818181818182	6.8816020369542E-06	2.5	2.75264081478168E-06	1	2.75264081478168E-06	1	0
47	1	0	2	0	4	0	8	3	3	14	4	3	12205172	12205172	12205172	9739878	9739878	9739878	9720676	9720676	9720676	3097096	3097096	3097096	8.19324791162304E-08	0.028571428571429	0	0	1.63864958232461E-07	0.057142857142857	0	0	4.10682762145481E-07	0.142857142857143	0	0	8.22988030873573E-07	0.285714285714286	3.0862051157759E-07	0.107142857142857	3.0862051157759E-07	0.107142857142857	4.52036359221671E-06	1.55555555555556	1.29153245491906E-06	0.444444444444444	9.68649341189295E-07	0.333333333333333	0
48	0	0	2	0	4	0	5	2	2	15	0	2	13434037	13434037	13434037	10629799	10629799	10629799	7578332	7578332	7578332	2378017	2378017	2378017	0	0	0	0	1.48875576269442E-07	0.05	0	0	3.76300624310958E-07	0.129032258064516	0	0	6.5977579235114E-07	0.227272727272727	2.63910316940456E-07	0.090909090909091	2.63910316940456E-07	0.090909090909091	6.30777660546582E-06	2.14285714285714	0	0	8.41036880728775E-07	0.285714285714286	0
49	1	0	2	0	3	0	9	7	0	0	0	0	18676903	18676903	18676903	10055475	10055475	10055475	11770181	11770181	11770181	0	0	0	5.35420674401961E-08	0.021739130434783	0	0	1.07084134880392E-07	0.043478260869565	0	0	2.98344931492545E-07	0.12	0	0	7.64644146084075E-07	0.310344827586207	5.94723224732058E-07	0.241379310344828	0	0							0
50	1	0	2	0	3	0	10	6	4	25	5	1	15385060	15385060	15385060	8759189	8759189	8759189	13757371	13757371	13757371	5804585	5804585	5804585	6.49981215542871E-08	0.028571428571429	0	0	1.29996243108574E-07	0.057142857142857	0	0	3.42497461808393E-07	0.15	0	0	7.26883065085619E-07	0.3125	4.36129839051371E-07	0.1875	2.90753226034247E-07	0.125	4.306940117166E-06	1.92307692307692	8.613880234332E-07	0.384615384615385	1.7227760468664E-07	0.076923076923077	0
51	0	0	1	0	1	0	2	2	2	18	3	2	14473981	14473981	14473981	13012283	13012283	13012283	7817263	7817263	7817263	5966706	5966706	5966706	0	0	0	0	6.90894923794635E-08	0.028571428571429	0	0	7.68504650567468E-08	0.032258064516129	0	0	2.55844021110714E-07	0.105263157894737	2.55844021110714E-07	0.105263157894737	2.55844021110714E-07	0.105263157894737	3.01673988964765E-06	1.2	5.02789981607943E-07	0.2	3.35193321071962E-07	0.133333333333333	0
52	0	0	1	1	1	0	3	1	2	12	1	2	6350573	6350573	6350573	4356263	4356263	4356263	3048856	3048856	3048856	2133451	2133451	2133451	0	0	0	0	1.57466105814389E-07	0.025641025641026	2.29554551687995E-07	0.038461538461539	2.29554551687995E-07	0.038461538461539	0	0	9.83975628891624E-07	0.15	3.27991876297208E-07	0.05	6.55983752594416E-07	0.1	5.62468976320525E-06	0.8	4.68724146933771E-07	0.066666666666667	9.37448293867541E-07	0.133333333333333	0
53	0	0	3	1	1	0	1	0	3	7	2	4	8957500	8957500	8957500	9209212	9209212	9209212	4980248	4980248	4980248	4667984	4667984	4667984	0	0	0	0	3.349148758024E-07	0.09375	1.0858692361518E-07	0.03030303030303	1.0858692361518E-07	0.03030303030303	0	0	2.00793213510652E-07	0.052631578947368	0	0	6.02379640531957E-07	0.157894736842105	1.49957669092268E-06	0.4375	4.28450483120765E-07	0.125	8.5690096624153E-07	0.25	0
54	0	0	4	2	5	0	15	4	3	6	7	7	11916602	11916602	11916602	14782392	14782392	14782392	11084482	11084482	11084482	4714619	4714619	4714619	0	0	0	0	3.35666157181384E-07	0.142857142857143	1.35296100928727E-07	0.057142857142857	3.38240252321816E-07	0.142857142857143	0	0	1.35324320974133E-06	0.576923076923077	3.60864855931021E-07	0.153846153846154	2.70648641948266E-07	0.115384615384615	1.27263730112656E-06	0.545454545454545	1.48474351798099E-06	0.636363636363636	1.48474351798099E-06	0.636363636363636	0
55	0	0	1	0	2	1	4	0	1	19	8	8	13794390	13794390	13794390	12897215	12897215	12897215	6635049	6635049	6635049	11056026	11056026	11056026	0	0	0	0	7.24932381932075E-08	0.032258064516129	0	0	1.55072238463885E-07	0.068965517241379	7.75361192319427E-08	0.03448275862069	6.02859149947499E-07	0.266666666666667	0	0	1.50714787486875E-07	0.066666666666667	1.71851983705538E-06	0.76	7.2358729981279E-07	0.32	7.2358729981279E-07	0.32	0
56	0	0	5	0	4	0	5	4	4	8	8	3	14028260	14028260	14028260	15312964	15312964	15312964	9826820	9826820	9826820	7539817	7539817	7539817	0	0	0	0	3.5642339106917E-07	0.166666666666667	0	0	2.61216574400619E-07	0.121212121212121	0	0	5.08811599276266E-07	0.238095238095238	4.07049279421013E-07	0.190476190476191	4.07049279421013E-07	0.190476190476191	1.06103370943884E-06	0.5	1.06103370943884E-06	0.5	3.97887641039564E-07	0.1875	0
57	1	0	0	0	2	2	12	6	7	16	11	4	16510766	16510766	16510766	13131969	13131969	13131969	12047270	12047270	12047270	6777983	6777983	6777983	6.0566541855175E-08	0.029411764705882	0	0	0	0	0	0	1.52300085387043E-07	0.074074074074074	1.52300085387043E-07	0.074074074074074	9.96076289483012E-07	0.48	4.98038144741506E-07	0.24	5.81044502198423E-07	0.28	2.3605842623093E-06	1.14285714285714	1.62290168033765E-06	0.785714285714286	5.90146065577326E-07	0.285714285714286	0
58	0	0	2	1	2	0	10	4	5	21	11	3	12787830	12787830	12787830	12771216	12771216	12771216	13216784	13216784	13216784	8528249	8528249	8528249	0	0	0	0	1.5639870095239E-07	0.074074074074074	7.8301079552644E-08	0.037037037037037	1.56602159105288E-07	0.074074074074074	0	0	7.56613711777389E-07	0.357142857142857	3.02645484710955E-07	0.142857142857143	3.78306855888694E-07	0.178571428571429	2.46240465070849E-06	1.16666666666667	1.28983100751397E-06	0.611111111111111	3.51772092958355E-07	0.166666666666667	0
59	1	0	5	0	0	0	7	4	2	12	4	1	15836529	15836529	15836529	15900845	15900845	15900845	12018518	12018518	12018518	4315832	4315832	4315832	6.31451500515043E-08	0.03030303030303	0	0	3.15725750257522E-07	0.151515151515152	0	0	0	0	0	0	5.82434539766051E-07	0.28	3.32819737009172E-07	0.16	1.66409868504586E-07	0.08	2.78046040717062E-06	1.33333333333333	9.26820135723541E-07	0.444444444444444	2.31705033930885E-07	0.111111111111111	0
60	0	0	1	0	2	0	5	11	5	23	10	0	13842913	13842913	13842913	12760006	12760006	12760006	16318949	16318949	16318949	8111813	8111813	8111813	0	0	0	0	7.22391305933946E-08	0.037037037037037	0	0	1.56739738210154E-07	0.08	0	0	3.06392280532282E-07	0.15625	6.7406301717102E-07	0.34375	3.06392280532282E-07	0.15625	2.83537108165585E-06	1.4375	1.23277003550254E-06	0.625	0	0	0
61	0	0	5	0	4	0	5	6	1	31	9	3	12217840	12217840	12217840	18679032	18679032	18679032	12287054	12287054	12287054	10064862	10064862	10064862	0	0	0	0	4.0923763938634E-07	0.217391304347826	0	0	2.14143859274935E-07	0.114285714285714	0	0	4.0693236963067E-07	0.217391304347826	4.88318843556804E-07	0.260869565217391	8.1386473926134E-08	0.043478260869565	3.08002235897521E-06	1.63157894736842	8.94200039702482E-07	0.473684210526316	2.98066679900827E-07	0.157894736842105	0
62	2	0	2	0	3	0	10	3	7	21	6	2	16263045	16263045	16263045	16297401	16297401	16297401	10554157	10554157	10554157	9447685	9447685	9447685	1.22978199961938E-07	0.064516129032258	0	0	1.22978199961938E-07	0.064516129032258	0	0	1.8407843066511E-07	0.096774193548387	0	0	9.47493959015391E-07	0.5	2.84248187704617E-07	0.15	6.63245771310774E-07	0.35	2.22276674127048E-06	1.16666666666667	6.35076211791566E-07	0.333333333333333	2.11692070597189E-07	0.111111111111111	0
63	0	0	0	0	2	1	11	3	4	15	11	1	16783801	16783801	16783801	16740326	16740326	16740326	11362880	11362880	11362880	9175681	9175681	9175681	0	0	0	0	0	0	0	0	1.1947198638784E-07	0.064516129032258	5.97359931939199E-08	0.032258064516129	9.68064434368752E-07	0.523809523809524	2.64017573009659E-07	0.142857142857143	3.52023430679546E-07	0.190476190476191	1.63475604698986E-06	0.882352941176471	1.1988211011259E-06	0.647058823529412	1.08983736465991E-07	0.058823529411765	0
64	0	0	1	0	4	0	7	2	5	25	10	1	13751829	13751829	13751829	19658574	19658574	19658574	10009420	10009420	10009420	9505146	9505146	9505146	0	0	0	0	7.27175999643393E-08	0.038461538461539	0	0	2.03473558153302E-07	0.108108108108108	0	0	6.99341220570223E-07	0.368421052631579	1.99811777305778E-07	0.105263157894737	4.99529443264445E-07	0.263157894736842	2.63015423434843E-06	1.38888888888889	1.05206169373937E-06	0.555555555555556	1.05206169373937E-07	0.055555555555556	0
65	1	0	1	0	0	0	10	5	9	21	9	1	14001032	14001032	14001032	17251862	17251862	17251862	14023334	14023334	14023334	8611557	8611557	8611557	7.14233065105487E-08	0.038461538461539	0	0	7.14233065105487E-08	0.038461538461539	0	0	0	0	0	0	7.13097185020338E-07	0.384615384615385	3.56548592510169E-07	0.192307692307692	6.41787466518304E-07	0.346153846153846	2.43858340599731E-06	1.3125	1.04510717399885E-06	0.5625	1.16123019333205E-07	0.0625	0
66	0	0	1	1	5	1	14	4	5	24	11	1	14836926	14836926	14836926	14663952	14663952	14663952	12463040	12463040	12463040	8000201	8000201	8000201	0	0	0	0	6.73994060494741E-08	0.033333333333333	6.8194440352778E-08	0.03448275862069	3.4097220176389E-07	0.172413793103448	6.8194440352778E-08	0.03448275862069	1.1233214368244E-06	0.56	3.20948981949829E-07	0.16	4.01186227437287E-07	0.2	2.99992462689375E-06	1.5	1.37496545399297E-06	0.6875	1.24996859453906E-07	0.0625	0
67	1	0	0	1	4	0	10	1	5	12	5	0	10962245	10962245	10962245	11544999	11544999	11544999	14253650	14253650	14253650	5974979	5974979	5974979	9.12221903451346E-08	0.038461538461539	0	0	0	0	8.66175908720304E-08	0.037037037037037	3.46470363488122E-07	0.148148148148148	0	0	7.01574684379089E-07	0.303030303030303	7.01574684379089E-08	0.03030303030303	3.50787342189544E-07	0.151515151515152	2.00837525956158E-06	0.857142857142857	8.36823024817326E-07	0.357142857142857	0	0	0
68	0	0	0	1	0	0	8	2	2	13	1	3	11521616	11521616	11521616	12943393	12943393	12943393	6443476	6443476	6443476	4998570	4998570	4998570	0	0	0	0	0	0	7.72594944772209E-08	0.027777777777778	0	0	0	0	1.24156588772892E-06	0.444444444444444	3.1039147193223E-07	0.111111111111111	3.1039147193223E-07	0.111111111111111	2.60074381273044E-06	0.928571428571429	2.0005721636388E-07	0.071428571428571	6.0017164909164E-07	0.214285714285714	0
69	0	0	0	0	2	0	10	2	0	13	5	1	10590087	10590087	10590087	5669276	5669276	5669276	6545094	6545094	6545094	4347475	4347475	4347475	0	0	0	0	0	0	0	0	3.52778732240237E-07	0.1	0	0	1.52786193750617E-06	0.416666666666667	3.05572387501234E-07	0.083333333333333	0	0	2.99024146199806E-06	0.8125	1.15009286999925E-06	0.3125	2.3001857399985E-07	0.0625	0
70	1	0	2	0	3	0	2	2	1	1	4	1	10646714	10646714	10646714	10211310	10211310	10211310	4370856	4370856	4370856	2463979	2463979	2463979	9.39256938807598E-08	0.026315789473684	0	0	1.8785138776152E-07	0.052631578947368	0	0	2.93791883705421E-07	0.081081081081081	0	0	4.57576273389011E-07	0.125	4.57576273389011E-07	0.125	2.28788136694506E-07	0.0625	4.05847614772691E-07	0.111111111111111	1.62339045909076E-06	0.444444444444444	4.05847614772691E-07	0.111111111111111	0
71	1	0	2	0	1	0	5	1	2	5	11	5	10705018	10705018	10705018	8735970	8735970	8735970	7803413	7803413	7803413	2997667	2997667	2997667	9.34141353148589E-08	0.028571428571429	0	0	1.86828270629718E-07	0.057142857142857	0	0	1.14469257563842E-07	0.03448275862069	0	0	6.40745273894897E-07	0.192307692307692	1.28149054778979E-07	0.038461538461539	2.56298109557959E-07	0.076923076923077	1.66796378650464E-06	0.5	3.6695203303102E-06	1.1	1.66796378650464E-06	0.5	0
72	0	1	3	0	2	0	4	3	1	10	5	5	13472654	13472654	13472654	10067726	10067726	10067726	8084567	8084567	8084567	3539267	3539267	3539267	0	0	7.42244252691415E-08	0.026315789473684	2.22673275807424E-07	0.078947368421053	0	0	1.98654591910825E-07	0.068965517241379	0	0	4.94769849764372E-07	0.173913043478261	3.71077387323279E-07	0.130434782608696	1.23692462441093E-07	0.043478260869565	2.8254437995212E-06	1	1.4127218997606E-06	0.5	1.4127218997606E-06	0.5	0
73	1	0	0	1	1	0	16	5	4	8	3	3	11803441	11803441	11803441	12003802	12003802	12003802	10944530	10944530	10944530	3011095	3011095	3011095	8.47210571900177E-08	0.032258064516129	0	0	0	0	8.33069389181861E-08	0.03125	8.33069389181861E-08	0.03125	0	0	1.46191750582254E-06	0.551724137931034	4.56849220569545E-07	0.172413793103448	3.65479376455636E-07	0.137931034482759	2.65684078383445E-06	1	9.9631529393792E-07	0.375	9.9631529393792E-07	0.375	0
74	0	0	2	1	2	0	8	1	2	11	7	4	17772878	17772878	17772878	10594800	10594800	10594800	9819391	9819391	9819391	6047730	6047730	6047730	0	0	0	0	1.12531014954359E-07	0.05	9.43859251708385E-08	0.041666666666667	1.88771850341677E-07	0.083333333333333	0	0	8.14714476692088E-07	0.363636363636364	1.01839309586511E-07	0.045454545454546	2.03678619173022E-07	0.090909090909091	1.81886426808075E-06	0.785714285714286	1.15745907968775E-06	0.5	6.61405188393E-07	0.285714285714286	0
75	0	0	3	0	3	0	11	7	8	29	10	4	14395406	14395406	14395406	14933155	14933155	14933155	12868332	12868332	12868332	9111792	9111792	9111792	0	0	0	0	2.08399818664371E-07	0.107142857142857	0	0	2.00895256226832E-07	0.103448275862069	0	0	8.54811641477699E-07	0.44	5.43971044576718E-07	0.28	6.21681193801963E-07	0.32	3.18268898148685E-06	1.61111111111111	1.0974789591334E-06	0.555555555555556	4.38991583653358E-07	0.222222222222222	0
76	1	0	0	0	3	0	9	5	9	39	9	4	18067010	18067010	18067010	10641856	10641856	10641856	17219940	17219940	17219940	10098103	10098103	10098103	5.53495016607618E-08	0.03125	0	0	0	0	0	0	2.81905712687712E-07	0.157894736842105	0	0	5.22649904703501E-07	0.290322580645161	2.90361058168612E-07	0.161290322580645	5.22649904703501E-07	0.290322580645161	3.86211152728389E-06	2.16666666666667	8.91256506296282E-07	0.5	3.96114002798347E-07	0.222222222222222	0
77	1	0	0	0	3	1	7	1	3	16	8	6	17304734	17304734	17304734	20766850	20766850	20766850	10618609	10618609	10618609	7311253	7311253	7311253	5.77876551006216E-08	0.032258064516129	0	0	0	0	0	0	1.44461003955824E-07	0.081081081081081	4.81536679852746E-08	0.027027027027027	6.59220054152102E-07	0.368421052631579	9.41742934503003E-08	0.052631578947368	2.82522880350901E-07	0.157894736842105	2.18840737695714E-06	1.23076923076923	1.09420368847857E-06	0.615384615384615	8.20652766358927E-07	0.461538461538462	0
78	0	0	0	0	1	0	12	2	9	18	8	5	19998663	19998663	19998663	15265623	15265623	15265623	9945760	9945760	9945760	7435512	7435512	7435512	0	0	0	0	0	0	0	0	6.55066616016916E-08	0.03448275862069	0	0	1.20654429626293E-06	0.631578947368421	2.01090716043822E-07	0.105263157894737	9.04908222197198E-07	0.473684210526316	2.42081513687289E-06	1.28571428571429	1.07591783861017E-06	0.571428571428571	6.72448649131358E-07	0.357142857142857	0
79	1	0	1	0	5	0	10	2	5	4	1	1	19079837	19079837	19079837	15024116	15024116	15024116	14563272	14563272	14563272	1513208	1513208	1513208	5.2411349216453E-08	0.026315789473684	0	0	5.2411349216453E-08	0.026315789473684	0	0	3.32798282441376E-07	0.166666666666667	0	0	6.86658877208364E-07	0.344827586206897	1.37331775441673E-07	0.068965517241379	3.43329438604182E-07	0.172413793103448	2.64339073015739E-06	1.33333333333333	6.60847682539347E-07	0.333333333333333	6.60847682539347E-07	0.333333333333333	0
80	3	1	0	0	0	0	4	1	4	21	5	1	18704010	18704010	18704010	13272922	13272922	13272922	10407789	10407789	10407789	5251150	5251150	5251150	1.60393412963316E-07	0.076923076923077	5.34644709877721E-08	0.025641025641026	0	0	0	0	0	0	0	0	3.84327545456581E-07	0.181818181818182	9.60818863641452E-08	0.045454545454546	3.84327545456581E-07	0.181818181818182	3.99912400140921E-06	1.90909090909091	9.52172381287908E-07	0.454545454545455	1.90434476257582E-07	0.090909090909091	0
81	2	0	0	1	4	0	8	4	9	7	4	0	15656152	15656152	15656152	14220916	14220916	14220916	13740965	13740965	13740965	2290624	2290624	2290624	1.27745310597393E-07	0.058823529411765	0	0	0	0	7.03189583568316E-08	0.032258064516129	2.81275833427326E-07	0.129032258064516	0	0	5.82200740632117E-07	0.266666666666667	2.91100370316059E-07	0.133333333333333	6.54975833211132E-07	0.3	3.05593584979464E-06	1.4	1.74624905702551E-06	0.8	0	0	0
82	0	0	1	0	1	0	7	5	2	11	2	1	16097012	16097012	16097012	12424625	12424625	12424625	12085995	12085995	12085995	4013841	4013841	4013841	0	0	0	0	6.2123330715042E-08	0.027777777777778	0	0	8.0485326518909E-08	0.035714285714286	0	0	5.79182764844765E-07	0.259259259259259	4.13701974889118E-07	0.185185185185185	1.65480789955647E-07	0.074074074074074	2.74051712561609E-06	1.22222222222222	4.98275841021107E-07	0.222222222222222	2.49137920510553E-07	0.111111111111111	0
83	0	0	0	0	5	0	9	6	2	8	6	5	15822695	15822695	15822695	10798501	10798501	10798501	13041943	13041943	13041943	5511019	5511019	5511019	0	0	0	0	0	0	0	0	4.63027229427492E-07	0.208333333333333	0	0	6.90081224860437E-07	0.310344827586207	4.60054149906958E-07	0.206896551724138	1.53351383302319E-07	0.068965517241379	1.45163716546795E-06	0.666666666666667	1.08872787410096E-06	0.5	9.07273228417467E-07	0.416666666666667	0
84	0	0	3	1	6	0	7	5	1	14	1	3	13921635	13921635	13921635	14368968	14368968	14368968	11435947	11435947	11435947	3920493	3920493	3920493	0	0	0	0	2.15491930365938E-07	0.09375	6.95944204204505E-08	0.03030303030303	4.17566522522703E-07	0.181818181818182	0	0	6.12104970406036E-07	0.269230769230769	4.37217836004312E-07	0.192307692307692	8.74435672008623E-08	0.038461538461539	3.57097946610286E-06	1.55555555555556	2.5506996186449E-07	0.111111111111111	7.6520988559347E-07	0.333333333333333	0
85	1	1	0	0	0	0	9	1	7	22	3	2	15266810	15266810	15266810	11361755	11361755	11361755	10837446	10837446	10837446	6109883	6109883	6109883	6.55015684350562E-08	0.028571428571429	6.55015684350562E-08	0.028571428571429	0	0	0	0	0	0	0	0	8.30453964891728E-07	0.36	9.22726627657476E-08	0.04	6.45908639360233E-07	0.28	3.60072361451111E-06	1.57142857142857	4.91007765615152E-07	0.214285714285714	3.27338510410101E-07	0.142857142857143	0
86	2	0	0	0	5	0	6	3	4	13	7	2	12407305	12407305	12407305	14864081	14864081	14864081	9148819	9148819	9148819	3587298	3587298	3587298	1.61195360313944E-07	0.064516129032258	0	0	0	0	0	0	3.36381374670926E-07	0.135135135135135	0	0	6.5582235258999E-07	0.260869565217391	3.27911176294995E-07	0.130434782608696	4.3721490172666E-07	0.173913043478261	3.62389742920716E-06	1.44444444444444	1.9513293849577E-06	0.777777777777778	5.57522681416487E-07	0.222222222222222	0
87	1	0	0	2	7	0	8	5	4	16	3	3	12212941	12212941	12212941	10619022	10619022	10619022	11788941	11788941	11788941	4711412	4711412	4711412	8.18803595301083E-08	0.032258064516129	0	0	0	0	1.88341261558739E-07	0.074074074074074	6.59194415455585E-07	0.259259259259259	0	0	6.78602089873891E-07	0.266666666666667	4.24126306171182E-07	0.166666666666667	3.39301044936946E-07	0.133333333333333	3.39600951901468E-06	1.33333333333333	6.36751784815253E-07	0.25	6.36751784815253E-07	0.25	0
88	3	0	1	0	8	0	2	4	3	21	1	3	13794861	13794861	13794861	12183430	12183430	12183430	8652377	8652377	8652377	4805061	4805061	4805061	2.17472289137237E-07	0.085714285714286	0	0	7.24907630457458E-08	0.028571428571429	0	0	6.56629537002306E-07	0.258064516129032	0	0	2.31150353249749E-07	0.090909090909091	4.62300706499497E-07	0.181818181818182	3.46725529874623E-07	0.136363636363636	4.37039196796877E-06	1.75	2.08113903236608E-07	0.083333333333333	6.24341709709825E-07	0.25	0
89	2	0	0	1	2	0	6	7	6	20	9	2	12239524	12239524	12239524	14075206	14075206	14075206	10209231	10209231	10209231	6484083	6484083	6484083	1.63405047451192E-07	0.068965517241379	0	0	0	0	7.10469175371217E-08	0.03125	1.42093835074243E-07	0.0625	0	0	5.87703422520266E-07	0.25	6.85653992940311E-07	0.291666666666667	5.87703422520266E-07	0.25	3.08447624745087E-06	1.33333333333333	1.38801431135289E-06	0.6	3.08447624745087E-07	0.133333333333333	0
90	0	0	1	1	3	0	7	5	1	18	7	4	12958252	12958252	12958252	11972561	11972561	11972561	15304673	15304673	15304673	7670696	7670696	7670696	0	0	0	0	7.71709023717088E-08	0.037037037037037	8.35243186482825E-08	0.04	2.50572955944848E-07	0.12	0	0	4.57376645682008E-07	0.21875	3.26697604058577E-07	0.15625	6.53395208117155E-08	0.03125	2.34659279940178E-06	1.125	9.12563866434024E-07	0.4375	5.21465066533728E-07	0.25	0
91	1	0	0	0	2	0	16	2	5	19	6	3	16962234	16962234	16962234	13676773	13676773	13676773	10360854	10360854	10360854	6139910	6139910	6139910	5.89544985642811E-08	0.027777777777778	0	0	0	0	0	0	1.46233325653647E-07	0.068965517241379	0	0	1.54427424611909E-06	0.727272727272727	1.93034280764887E-07	0.090909090909091	4.82585701912217E-07	0.227272727272727	3.09450789995293E-06	1.46153846153846	9.77213021037768E-07	0.461538461538462	4.88606510518884E-07	0.230769230769231	0
92	2	0	1	0	5	0	10	5	2	27	2	4	12477012	12477012	12477012	16967709	16967709	16967709	11959413	11959413	11959413	4590265	4590265	4590265	1.60294788527894E-07	0.074074074074074	0	0	8.01473942639472E-08	0.037037037037037	0	0	2.94677378071489E-07	0.135135135135135	0	0	8.36161440365008E-07	0.384615384615385	4.18080720182504E-07	0.192307692307692	1.67232288073002E-07	0.076923076923077	5.88201334781325E-06	2.7	4.35704692430611E-07	0.2	8.71409384861223E-07	0.4	0
93	1	1	2	0	3	1	5	6	4	25	6	1	14566947	14566947	14566947	15366724	15366724	15366724	11232261	11232261	11232261	5499196	5499196	5499196	6.8648564452112E-08	0.032258064516129	6.8648564452112E-08	0.032258064516129	1.37297128904224E-07	0.064516129032258	0	0	1.95227037330793E-07	0.090909090909091	6.50756791102645E-08	0.03030303030303	4.45146351211034E-07	0.208333333333333	5.34175621453241E-07	0.25	3.56117080968827E-07	0.166666666666667	4.54611910541105E-06	2.08333333333333	1.09106858529865E-06	0.5	1.81844764216442E-07	0.083333333333333	0
94	0	1	2	0	2	0	9	3	6	28	1	0	9898259	9898259	9898259	15277479	15277479	15277479	9355490	9355490	9355490	8231196	8231196	8231196	0	0	1.01027867628034E-07	0.043478260869565	2.02055735256069E-07	0.08695652173913	0	0	1.30911651064943E-07	0.055555555555556	0	0	9.62001990275229E-07	0.409090909090909	3.20667330091743E-07	0.136363636363636	6.41334660183486E-07	0.272727272727273	3.40169277951831E-06	1.47368421052632	1.2148902783994E-07	0.052631578947368	0	0	0
95	0	0	1	1	4	0	8	0	5	17	3	3	14729627	14729627	14729627	14687881	14687881	14687881	6348280	6348280	6348280	3980886	3980886	3980886	0	0	0	0	6.78903817455798E-08	0.027027027027027	6.80833402721604E-08	0.027027027027027	2.72333361088642E-07	0.108108108108108	0	0	1.26018386082529E-06	0.5	0	0	7.87614913015809E-07	0.3125	4.27040613571954E-06	1.7	7.53601082774036E-07	0.3	7.53601082774036E-07	0.3	0
96	0	0	1	0	1	0	9	3	3	14	3	4	12782464	12782464	12782464	9704110	9704110	9704110	10850638	10850638	10850638	5441519	5441519	5441519	0	0	0	0	7.82321780839751E-08	0.03030303030303	0	0	1.03049120424233E-07	0.04	0	0	8.2944431470297E-07	0.321428571428571	2.76481438234323E-07	0.107142857142857	2.76481438234323E-07	0.107142857142857	2.57281101104306E-06	1	5.51316645223512E-07	0.214285714285714	7.35088860298016E-07	0.285714285714286	0
97	1	0	0	0	7	0	9	3	5	10	6	1	11340694	11340694	11340694	14403730	14403730	14403730	8660961	8660961	8660961	3411170	3411170	3411170	8.81780250838265E-08	0.033333333333333	0	0	0	0	0	0	4.85985227437615E-07	0.184210526315789	0	0	1.03914565600746E-06	0.391304347826087	3.46381885335819E-07	0.130434782608696	5.77303142226365E-07	0.217391304347826	2.93154548146237E-06	1.11111111111111	1.75892728887742E-06	0.666666666666667	2.93154548146237E-07	0.111111111111111	0
98	1	0	3	0	1	0	0	1	2	20	2	3	15531321	15531321	15531321	11241811	11241811	11241811	6783127	6783127	6783127	4222232	4222232	4222232	6.43860235713369E-08	0.024390243902439	0	0	1.93158070714011E-07	0.073170731707317	0	0	8.89536392312591E-08	0.033333333333333	0	0	0	0	1.47424631736956E-07	0.055555555555556	2.94849263473911E-07	0.111111111111111	4.73683113575948E-06	1.81818181818182	4.73683113575948E-07	0.181818181818182	7.10524670363921E-07	0.272727272727273	0
99	5	0	2	3	4	0	4	1	3	10	3	2	14352130	14352130	14352130	14451498	14451498	14451498	6584058	6584058	6584058	4735653	4735653	4735653	3.48380344938347E-07	0.138888888888889	0	0	1.39352137975339E-07	0.055555555555556	2.07590936247578E-07	0.083333333333333	2.76787914996771E-07	0.111111111111111	0	0	6.07528062480616E-07	0.25	1.51882015620154E-07	0.0625	4.55646046860462E-07	0.1875	2.11164120344121E-06	0.833333333333333	6.33492361032365E-07	0.25	4.22328240688243E-07	0.166666666666667	0
100	1	3	2	0	5	0	12	6	3	38	14	7	11922098	11922098	11922098	15493561	15493561	15493561	11807874	11807874	11807874	4889338	4889338	4889338	8.38778543843542E-08	0.037037037037037	2.51633563153062E-07	0.111111111111111	1.67755708768708E-07	0.074074074074074	0	0	3.22714707096709E-07	0.142857142857143	0	0	1.01627100695688E-06	0.444444444444444	5.08135503478442E-07	0.222222222222222	2.54067751739221E-07	0.111111111111111	7.772013307323E-06	3.45454545454545	2.86337332375058E-06	1.27272727272727	1.43168666187529E-06	0.636363636363636	0
101	0	0	1	2	2	0	7	4	3	21	5	3	13631195	13631195	13631195	13211189	13211189	13211189	16193956	16193956	16193956	6157238	6157238	6157238	0	0	0	0	7.33611396506322E-08	0.035714285714286	1.51386828240819E-07	0.074074074074074	1.51386828240819E-07	0.074074074074074	0	0	4.32260035781251E-07	0.212121212121212	2.47005734732143E-07	0.121212121212121	1.85254301049107E-07	0.090909090909091	3.41062015143803E-06	1.75	8.12052417009055E-07	0.416666666666667	4.87231450205433E-07	0.25	0
102	0	0	1	1	5	0	7	7	6	19	7	3	17616696	17616696	17616696	12163335	12163335	12163335	12681099	12681099	12681099	4870564	4870564	4870564	0	0	0	0	5.67643331076384E-08	0.027027027027027	8.22142940238019E-08	0.038461538461539	4.11071470119009E-07	0.192307692307692	0	0	5.5200263005596E-07	0.259259259259259	5.5200263005596E-07	0.259259259259259	4.73145111476537E-07	0.222222222222222	3.90098559427615E-06	1.9	1.43720521894384E-06	0.7	6.15945093833076E-07	0.3	0
103	0	0	0	0	3	0	11	4	7	8	3	2	18512181	18512181	18512181	12292600	12292600	12292600	12692448	12692448	12692448	3794303	3794303	3794303	0	0	0	0	0	0	0	0	2.44049265411711E-07	0.115384615384615	0	0	8.66657086166514E-07	0.407407407407407	3.15148031333278E-07	0.148148148148148	5.51509054833236E-07	0.259259259259259	2.10842412954369E-06	1	7.90659048578883E-07	0.375	5.27106032385922E-07	0.25	0
104	0	0	2	0	11	0	11	3	5	13	3	4	15909006	15909006	15909006	13622177	13622177	13622177	10226436	10226436	10226436	2561479	2561479	2561479	0	0	0	0	1.25714956672969E-07	0.054054054054054	0	0	8.07506759015097E-07	0.34375	0	0	1.07564355754048E-06	0.44	2.93357333874675E-07	0.12	4.88928889791126E-07	0.2	5.07519288660965E-06	2.16666666666667	1.17119835844838E-06	0.5	1.56159781126451E-06	0.666666666666667	0
105	1	0	1	0	2	0	8	2	7	13	2	3	18124356	18124356	18124356	10397815	10397815	10397815	10869547	10869547	10869547	2521160	2521160	2521160	5.51743741956956E-08	0.023255813953488	0	0	5.51743741956956E-08	0.023255813953488	0	0	1.92348103904522E-07	0.08	0	0	7.36001233538067E-07	0.307692307692308	1.84000308384517E-07	0.076923076923077	6.44001079345809E-07	0.269230769230769	5.15635659775659E-06	2.16666666666667	7.93285630424091E-07	0.333333333333333	1.18992844563614E-06	0.5	0
106	1	0	3	1	3	1	10	3	6	20	5	1	15294208	15294208	15294208	13072889	13072889	13072889	9423527	9423527	9423527	4715032	4715032	4715032	6.5384229114708E-08	0.027777777777778	0	0	1.96152687344124E-07	0.083333333333333	7.64941857916793E-08	0.032258064516129	2.29482557375038E-07	0.096774193548387	7.64941857916793E-08	0.032258064516129	1.06117380466995E-06	0.454545454545455	3.18352141400985E-07	0.136363636363636	6.3670428280197E-07	0.272727272727273	4.24175276010852E-06	1.81818181818182	1.06043819002713E-06	0.454545454545455	2.12087638005426E-07	0.090909090909091	0
107	1	0	0	1	5	0	4	3	7	15	5	1	13373095	13373095	13373095	15988950	15988950	15988950	11993333	11993333	11993333	4532143	4532143	4532143	7.47770056221092E-08	0.03448275862069	0	0	0	0	6.25431938932826E-08	0.028571428571429	3.12715969466413E-07	0.142857142857143	0	0	3.33518630725921E-07	0.153846153846154	2.50138973044441E-07	0.115384615384615	5.83657603770361E-07	0.269230769230769	3.30969256707037E-06	1.5	1.10323085569012E-06	0.5	2.20646171138025E-07	0.1	0
108	0	0	3	0	3	0	8	2	2	28	7	1	15580815	15580815	15580815	15125230	15125230	15125230	9695901	9695901	9695901	5485172	5485172	5485172	0	0	0	0	1.92544484996452E-07	0.088235294117647	0	0	1.98344091296463E-07	0.090909090909091	0	0	8.25090932756017E-07	0.380952380952381	2.06272733189004E-07	0.095238095238095	2.06272733189004E-07	0.095238095238095	5.10467128469262E-06	2.33333333333333	1.27616782117316E-06	0.583333333333333	1.82309688739022E-07	0.083333333333333	0
109	0	0	3	0	8	0	2	7	5	40	7	5	15467083	15467083	15467083	15490382	15490382	15490382	10462606	10462606	10462606	8543047	8543047	8543047	0	0	0	0	1.93960296198061E-07	0.096774193548387	0	0	5.16449497501095E-07	0.258064516129032	0	0	1.91156964144497E-07	0.095238095238095	6.6904937450574E-07	0.333333333333333	4.77892410361243E-07	0.238095238095238	4.6821701905655E-06	2.35294117647059	8.19379783348962E-07	0.411764705882353	5.85271273820687E-07	0.294117647058824	0
110	1	0	2	0	6	0	10	2	5	22	8	6	14717672	14717672	14717672	14710441	14710441	14710441	14172745	14172745	14172745	3845968	3845968	3845968	6.79455283417106E-08	0.032258064516129	0	0	1.35891056683421E-07	0.064516129032258	0	0	4.07873564089615E-07	0.193548387096774	0	0	7.05579617780465E-07	0.333333333333333	1.41115923556093E-07	0.066666666666667	3.52789808890233E-07	0.166666666666667	5.72027640375583E-06	2.75	2.08010051045667E-06	1	1.5600753828425E-06	0.75	0
111	0	0	4	1	4	0	7	3	1	58	6	2	17724691	17724691	17724691	13669486	13669486	13669486	13159068	13159068	13159068	5968454	5968454	5968454	0	0	0	0	2.25673891860795E-07	0.114285714285714	7.3155640234022E-08	0.037037037037037	2.92622560936088E-07	0.148148148148148	0	0	5.31952566853519E-07	0.269230769230769	2.27979671508651E-07	0.115384615384615	7.5993223836217E-08	0.038461538461539	9.71775940637224E-06	4.83333333333333	1.00528545583161E-06	0.5	3.3509515194387E-07	0.166666666666667	0
112	0	1	0	1	4	0	10	5	6	31	3	3	16787727	16787727	16787727	11241900	11241900	11241900	16865108	16865108	16865108	6271877	6271877	6271877	0	0	5.95673255825521E-08	0.03030303030303	0	0	8.89529350020904E-08	0.045454545454546	3.55811740008362E-07	0.181818181818182	0	0	5.92940169727938E-07	0.303030303030303	2.96470084863969E-07	0.151515151515152	3.55764101836763E-07	0.181818181818182	4.94269897193456E-06	2.58333333333333	4.78325706961409E-07	0.25	4.78325706961409E-07	0.25	0
113	0	0	3	0	2	1	14	4	9	33	4	3	14410197	14410197	14410197	12161814	12161814	12161814	12571190	12571190	12571190	7684179	7684179	7684179	0	0	0	0	2.08185911684622E-07	0.096774193548387	0	0	1.64449152075505E-07	0.076923076923077	8.22245760377523E-08	0.038461538461539	1.11365749781842E-06	0.518518518518518	3.1818785651955E-07	0.148148148148148	7.15922677168987E-07	0.333333333333333	4.29453816731755E-06	2.0625	5.20550080886976E-07	0.25	3.90412560665232E-07	0.1875	0
114	2	0	1	1	2	0	5	1	1	4	4	0	14391668	14391668	14391668	17692843	17692843	17692843	6027755	6027755	6027755	1995159	1995159	1995159	1.38969298068855E-07	0.055555555555556	0	0	6.94846490344274E-08	0.027777777777778	5.65200290309477E-08	0.022727272727273	1.13040058061895E-07	0.045454545454546	0	0	8.29496222059457E-07	0.333333333333333	1.65899244411891E-07	0.066666666666667	1.65899244411891E-07	0.066666666666667	2.00485274607187E-06	0.8	2.00485274607187E-06	0.8	0	0	0
115	0	0	2	0	0	0	10	5	3	5	2	2	14435589	14435589	14435589	7586970	7586970	7586970	13650474	13650474	13650474	2284732	2284732	2284732	0	0	0	0	1.38546477043645E-07	0.052631578947368	0	0	0	0	0	0	7.32575293722401E-07	0.277777777777778	3.66287646861201E-07	0.138888888888889	2.1977258811672E-07	0.083333333333333	2.18844048229727E-06	0.833333333333333	8.75376192918907E-07	0.333333333333333	8.75376192918907E-07	0.333333333333333	0
116	0	0	0	0	2	0	2	1	2	17	4	3	15056966	15056966	15056966	8995002	8995002	8995002	7208821	7208821	7208821	4651969	4651969	4651969	0	0	0	0	0	0	0	0	2.22345698199956E-07	0.08	0	0	2.7743787784438E-07	0.1	1.3871893892219E-07	0.05	2.7743787784438E-07	0.1	3.65436657037052E-06	1.30769230769231	8.59850957734241E-07	0.307692307692308	6.44888218300681E-07	0.230769230769231	0
117	1	0	0	1	2	0	9	1	5	14	4	2	11302455	11302455	11302455	12699628	12699628	12699628	6369514	6369514	6369514	4944853	4944853	4944853	8.84763531462855E-08	0.03125	0	0	0	0	7.87424639524874E-08	0.027777777777778	1.57484927904975E-07	0.055555555555556	0	0	1.41298064499112E-06	0.5	1.56997849443458E-07	0.055555555555556	7.84989247217292E-07	0.277777777777778	2.83122673211924E-06	1	8.08921923462639E-07	0.285714285714286	4.04460961731319E-07	0.142857142857143	0
118	1	1	3	0	4	0	10	1	2	8	0	0	13544954	13544954	13544954	12287325	12287325	12287325	9893991	9893991	9893991	2201505	2201505	2201505	7.3828231531831E-08	0.027777777777778	7.3828231531831E-08	0.027777777777778	2.21484694595493E-07	0.083333333333333	0	0	3.25538715709074E-07	0.125	0	0	1.01071448316458E-06	0.384615384615385	1.01071448316458E-07	0.038461538461539	2.02142896632916E-07	0.076923076923077	3.6338777336413E-06	1.33333333333333	0	0	0	0	0
119	0	0	0	0	4	0	11	3	5	1	2	2	13173404	13173404	13173404	11192030	11192030	11192030	11116532	11116532	11116532	686773	686773	686773	0	0	0	0	0	0	0	0	3.57397183531495E-07	0.129032258064516	0	0	9.89517234331714E-07	0.354838709677419	2.69868336635922E-07	0.096774193548387	4.4978056105987E-07	0.161290322580645	1.45608519845713E-06	0.5	2.91217039691426E-06	1	2.91217039691426E-06	1	0
120	0	0	0	0	1	0	2	2	4	21	1	2	14857307	14857307	14857307	12185141	12185141	12185141	7068272	7068272	7068272	2986536	2986536	2986536	0	0	0	0	0	0	0	0	8.20671668879334E-08	0.03030303030303	0	0	2.82954589183891E-07	0.105263157894737	2.82954589183891E-07	0.105263157894737	5.65909178367782E-07	0.210526315789474	7.03155763064634E-06	2.625	3.34836077649826E-07	0.125	6.69672155299652E-07	0.25	0
121	0	0	1	1	5	0	3	7	1	13	2	3	12250674	12250674	12250674	13775494	13775494	13775494	9195553	9195553	9195553	3065626	3065626	3065626	0	0	0	0	8.16281618464421E-08	0.03125	7.25926779830908E-08	0.027777777777778	3.62963389915454E-07	0.138888888888889	0	0	3.26244653257939E-07	0.125	7.61237524268524E-07	0.291666666666667	1.08748217752646E-07	0.041666666666667	4.24056946281118E-06	1.625	6.52395301970951E-07	0.25	9.78592952956427E-07	0.375	0
122	1	0	1	0	4	0	11	5	2	26	4	2	10487990	10487990	10487990	14222410	14222410	14222410	10042935	10042935	10042935	5560633	5560633	5560633	9.53471542211615E-08	0.038461538461539	0	0	9.53471542211615E-08	0.038461538461539	0	0	2.81246286670121E-07	0.114285714285714	0	0	1.09529734086699E-06	0.44	4.97862427666813E-07	0.2	1.99144971066725E-07	0.08	4.67572666637054E-06	1.85714285714286	7.19342564057006E-07	0.285714285714286	3.59671282028503E-07	0.142857142857143	0
123	0	0	2	0	3	0	4	2	2	64	16	9	14671056	14671056	14671056	10474072	10474072	10474072	11025256	11025256	11025256	9553730	9553730	9553730	0	0	0	0	1.36322838655922E-07	0.0625	0	0	2.86421556009926E-07	0.130434782608696	0	0	3.62803367105489E-07	0.166666666666667	1.81401683552745E-07	0.083333333333333	1.81401683552745E-07	0.083333333333333	6.69895423044193E-06	3.04761904761905	1.67473855761048E-06	0.761904761904762	9.42040438655897E-07	0.428571428571429	0
124	2	0	3	0	10	0	7	8	2	17	10	4	16131640	16131640	16131640	13616335	13616335	13616335	11223668	11223668	11223668	4076636	4076636	4076636	1.23979954920888E-07	0.055555555555556	0	0	1.85969932381333E-07	0.083333333333333	0	0	7.34412013217947E-07	0.333333333333333	0	0	6.23682026232422E-07	0.28	7.1277945855134E-07	0.32	1.78194864637835E-07	0.08	4.17010495908882E-06	1.88888888888889	2.45300291711107E-06	1.11111111111111	9.81201166844428E-07	0.444444444444444	0
125	0	0	0	0	6	0	11	8	6	46	7	5	19524205	19524205	19524205	10857688	10857688	10857688	16198729	16198729	16198729	7558769	7558769	7558769	0	0	0	0	0	0	0	0	5.52603832418099E-07	0.3	0	0	6.79065622988075E-07	0.366666666666667	4.93865907627691E-07	0.266666666666667	3.70399430720768E-07	0.2	6.08564701474539E-06	3.28571428571429	9.26076719635168E-07	0.5	6.61483371167977E-07	0.357142857142857	0
126	0	0	4	0	3	1	9	5	3	38	12	3	15139532	15139532	15139532	18017948	18017948	18017948	15863358	15863358	15863358	6725608	6725608	6725608	0	0	0	0	2.64208959695716E-07	0.148148148148148	0	0	1.66500647021514E-07	0.09375	5.55002156738381E-08	0.03125	5.673451989169E-07	0.310344827586207	3.15191777176056E-07	0.172413793103448	1.89115066305633E-07	0.103448275862069	5.65004680617723E-06	3.16666666666667	1.78422530721386E-06	1	4.46056326803465E-07	0.25	0
127	3	2	0	0	3	0	15	5	4	44	8	4	20367916	20367916	20367916	14258645	14258645	14258645	14318530	14318530	14318530	7764375	7764375	7764375	1.47290473900226E-07	0.083333333333333	9.81936492668175E-08	0.055555555555556	0	0	0	0	2.10398673927291E-07	0.12	0	0	1.04759357280391E-06	0.6	3.49197857601304E-07	0.2	2.79358286081043E-07	0.16	5.66690815423006E-06	3.14285714285714	1.03034693713274E-06	0.571428571428571	5.15173468566369E-07	0.285714285714286	0
128	0	0	0	0	6	0	9	4	6	35	13	1	14902776	14902776	14902776	14315321	14315321	14315321	17475729	17475729	17475729	6473817	6473817	6473817	0	0	0	0	0	0	0	0	4.19131362824487E-07	0.222222222222222	0	0	5.14999975108335E-07	0.272727272727273	2.28888877825926E-07	0.121212121212121	3.4333331673889E-07	0.181818181818182	5.40639316804908E-06	2.91666666666667	2.00808889098966E-06	1.08333333333333	1.54468376229974E-07	0.083333333333333	0
129	2	0	1	0	2	1	12	7	2	27	5	2	21734126	21734126	21734126	10242514	10242514	10242514	15651081	15651081	15651081	6487922	6487922	6487922	9.20211836445597E-08	0.05	0	0	4.60105918222799E-08	0.025	0	0	1.95264561024764E-07	0.105263157894737	9.7632280512382E-08	0.052631578947368	7.66720202904834E-07	0.413793103448276	4.47253451694487E-07	0.241379310344828	1.27786700484139E-07	0.068965517241379	4.16157900788573E-06	2.25	7.70662779238098E-07	0.416666666666667	3.08265111695239E-07	0.166666666666667	0
130	0	0	0	0	2	0	6	8	10	21	15	5	18925021	18925021	18925021	12970614	12970614	12970614	15648358	15648358	15648358	6443781	6443781	6443781	0	0	0	0	0	0	0	0	1.54194705046346E-07	0.083333333333333	0	0	3.83426810659623E-07	0.206896551724138	5.11235747546164E-07	0.275862068965517	6.39044684432705E-07	0.344827586206897	3.25895619357641E-06	1.75	2.32782585255458E-06	1.25	7.75941950851526E-07	0.416666666666667	0
131	0	0	0	1	14	0	11	8	6	27	3	4	18772779	18772779	18772779	12334936	12334936	12334936	15754234	15754234	15754234	4660616	4660616	4660616	0	0	0	0	0	0	8.10705462922548E-08	0.041666666666667	1.13498764809157E-06	0.583333333333333	0	0	6.98224997800591E-07	0.354838709677419	5.0779999840043E-07	0.258064516129032	3.80849998800323E-07	0.193548387096774	5.79322561652794E-06	3	6.43691735169772E-07	0.333333333333333	8.58255646893029E-07	0.444444444444444	0
132	0	0	1	0	7	0	13	5	3	35	8	0	15974548	15974548	15974548	15441729	15441729	15441729	13963267	13963267	13963267	6196660	6196660	6196660	0	0	0	0	6.25995802823341E-08	0.032258064516129	0	0	4.53317112351862E-07	0.233333333333333	0	0	9.31014210356359E-07	0.481481481481482	3.58082388598599E-07	0.185185185185185	2.1484943315916E-07	0.111111111111111	5.64820403249493E-06	2.91666666666667	1.29101806457027E-06	0.666666666666667	0	0	0
133	0	0	3	1	6	0	14	3	3	14	4	1	21769674	21769674	21769674	12390279	12390279	12390279	11875803	11875803	11875803	3498884	3498884	3498884	0	0	0	0	1.37806381482791E-07	0.068181818181818	8.07084327963882E-08	0.04	4.84250596778329E-07	0.24	0	0	1.1788676521495E-06	0.583333333333333	2.52614496889179E-07	0.125	2.52614496889179E-07	0.125	4.00127583538065E-06	2	1.14322166725161E-06	0.571428571428571	2.85805416812904E-07	0.142857142857143	0
134	0	0	0	2	6	0	17	6	6	20	2	2	13507214	13507214	13507214	15049603	15049603	15049603	15421716	15421716	15421716	2821816	2821816	2821816	0	0	0	0	0	0	1.3289387102105E-07	0.0625	3.98681613063149E-07	0.1875	0	0	1.10234165899567E-06	0.515151515151515	3.8906176199847E-07	0.181818181818182	3.8906176199847E-07	0.181818181818182	7.08763434610903E-06	3.33333333333333	7.08763434610903E-07	0.333333333333333	7.08763434610903E-07	0.333333333333333	0
135	0	0	2	2	2	0	5	3	6	8	3	1	18433589	18433589	18433589	10122799	10122799	10122799	11924224	11924224	11924224	3581158	3581158	3581158	0	0	0	0	1.08497591000863E-07	0.047619047619048	1.97573813329693E-07	0.08695652173913	1.97573813329693E-07	0.08695652173913	0	0	4.1931449794972E-07	0.185185185185185	2.51588698769832E-07	0.111111111111111	5.03177397539664E-07	0.222222222222222	2.23391428135815E-06	1	8.37717855509307E-07	0.375	2.79239285169769E-07	0.125	0
136	0	0	1	2	6	0	5	5	1	9	3	2	17904097	17904097	17904097	15132920	15132920	15132920	8280402	8280402	8280402	2209381	2209381	2209381	0	0	0	0	5.58531379717168E-08	0.024390243902439	1.32162200024847E-07	0.057142857142857	3.96486600074539E-07	0.171428571428571	0	0	6.03835417652428E-07	0.263157894736842	6.03835417652428E-07	0.263157894736842	1.20767083530486E-07	0.052631578947368	4.07353914965323E-06	1.8	1.35784638321774E-06	0.6	9.05230922145162E-07	0.4	0
137	1	1	2	0	6	0	12	6	1	13	2	2	14735825	14735825	14735825	10318706	10318706	10318706	17419035	17419035	17419035	2216727	2216727	2216727	6.78618265349921E-08	0.03030303030303	6.78618265349921E-08	0.03030303030303	1.35723653069984E-07	0.060606060606061	0	0	5.81468257744721E-07	0.260869565217391	0	0	6.88901537886571E-07	0.307692307692308	3.44450768943285E-07	0.153846153846154	5.74084614905476E-08	0.025641025641026	5.86450203385442E-06	2.6	9.02231082131449E-07	0.4	9.02231082131449E-07	0.4	0
138	0	0	1	1	4	0	9	5	1	3	1	0	20734857	20734857	20734857	10032730	10032730	10032730	12315702	12315702	12315702	884490	884490	884490	0	0	0	0	4.82279670412002E-08	0.021276595744681	9.96737677581277E-08	0.043478260869565	3.98695071032511E-07	0.173913043478261	0	0	7.30774421141402E-07	0.321428571428571	4.05985789523001E-07	0.178571428571429	8.11971579046002E-08	0.035714285714286	3.39178509649629E-06	1.5	1.13059503216543E-06	0.5	0	0	0
139	1	0	5	2	6	0	12	1	6	8	3	3	15797648	15797648	15797648	11079347	11079347	11079347	12641103	12641103	12641103	4480344	4480344	4480344	6.33005622102733E-08	0.027777777777778	0	0	3.16502811051367E-07	0.138888888888889	1.80516053879349E-07	0.08	5.41548161638046E-07	0.24	0	0	9.49284251540392E-07	0.413793103448276	7.91070209616993E-08	0.03448275862069	4.74642125770196E-07	0.206896551724138	1.78557717889519E-06	0.8	6.69591442085697E-07	0.3	6.69591442085697E-07	0.3	0
140	0	0	1	2	3	0	9	1	5	6	0	0	23838029	23838029	23838029	7362663	7362663	7362663	12866640	12866640	12866640	1834060	1834060	1834060	0	0	0	0	4.19497769719132E-08	0.019230769230769	2.71640845167027E-07	0.125	4.07461267750541E-07	0.1875	0	0	6.99483314991327E-07	0.321428571428571	7.77203683323696E-08	0.035714285714286	3.88601841661848E-07	0.178571428571429	3.27143059659989E-06	1.5	0	0	0	0	0
141	0	0	1	0	3	0	5	1	4	32	4	2	20002502	20002502	20002502	10472147	10472147	10472147	9776069	9776069	9776069	3634841	3634841	3634841	0	0	0	0	4.99937457824026E-08	0.021739130434783	0	0	2.86474206292177E-07	0.125	0	0	5.11453018590601E-07	0.227272727272727	1.0229060371812E-07	0.045454545454546	4.09162414872481E-07	0.181818181818182	8.80368632355583E-06	4	1.10046079044448E-06	0.5	5.50230395222239E-07	0.25	0
142	0	0	1	0	5	0	6	4	3	14	3	1	22016531	22016531	22016531	12695882	12695882	12695882	10779264	10779264	10779264	3387658	3387658	3387658	0	0	0	0	4.54204161409443E-08	0.022222222222222	0	0	3.93828487063758E-07	0.192307692307692	0	0	5.56624274161947E-07	0.272727272727273	3.71082849441298E-07	0.181818181818182	2.78312137080973E-07	0.136363636363636	4.13264857314404E-06	2	8.85567551388009E-07	0.428571428571429	2.95189183796003E-07	0.142857142857143	0
143	0	0	2	0	7	1	8	4	4	41	11	7	11759039	11759039	11759039	15697929	15697929	15697929	14104862	14104862	14104862	7363000	7363000	7363000	0	0	0	0	1.70081925912483E-07	0.083333333333333	0	0	4.45918694115638E-07	0.21875	6.37026705879483E-08	0.03125	5.67180309881798E-07	0.275862068965517	2.83590154940899E-07	0.137931034482759	2.83590154940899E-07	0.137931034482759	5.56838245280456E-06	2.73333333333333	1.49395626782561E-06	0.733333333333333	9.50699443161755E-07	0.466666666666667	0
144	0	0	4	0	2	0	9	6	4	31	3	2	18869764	18869764	18869764	11929592	11929592	11929592	11923294	11923294	11923294	6914654	6914654	6914654	0	0	0	0	2.11979333710798E-07	0.105263157894737	0	0	1.67650327018728E-07	0.083333333333333	0	0	7.54824966993182E-07	0.375	5.03216644662121E-07	0.25	3.35477763108081E-07	0.166666666666667	4.48323227742126E-06	2.21428571428571	4.33861188137541E-07	0.214285714285714	2.89240792091694E-07	0.142857142857143	0
145	0	0	2	0	7	0	3	1	2	32	5	4	13712632	13712632	13712632	19070066	19070066	19070066	8299787	8299787	8299787	7799398	7799398	7799398	0	0	0	0	1.458509205235E-07	0.071428571428571	0	0	3.67067423888307E-07	0.179487179487179	0	0	3.61455059027418E-07	0.176470588235294	1.20485019675806E-07	0.058823529411765	2.40970039351612E-07	0.117647058823529	4.10288076079718E-06	2	6.41075118874559E-07	0.3125	5.12860095099648E-07	0.25	0
146	0	0	0	0	5	1	18	4	4	55	5	4	14340940	14340940	14340940	13805521	13805521	13805521	14251886	14251886	14251886	8704607	8704607	8704607	0	0	0	0	0	0	0	0	3.62173944757318E-07	0.185185185185185	7.24347889514637E-08	0.037037037037037	1.26299073680494E-06	0.642857142857143	2.80664608178875E-07	0.142857142857143	2.80664608178875E-07	0.142857142857143	6.31849318412652E-06	3.23529411764706	5.74408471284229E-07	0.294117647058824	4.59526777027383E-07	0.235294117647059	0
147	0	1	1	0	3	0	13	2	5	36	8	7	13482284	13482284	13482284	15316147	15316147	15316147	14860083	14860083	14860083	8790503	8790503	8790503	0	0	7.41714089393162E-08	0.038461538461539	7.41714089393162E-08	0.038461538461539	0	0	1.95871716300451E-07	0.103448275862069	0	0	8.74826876808158E-07	0.464285714285714	1.34588750278178E-07	0.071428571428571	3.36471875695445E-07	0.178571428571429	4.09532878835261E-06	2.11764705882353	9.10073064078358E-07	0.470588235294118	7.96313931068563E-07	0.411764705882353	0
148	0	0	2	0	2	0	18	4	7	38	6	2	16723440	16723440	16723440	12014816	12014816	12014816	16174389	16174389	16174389	6725934	6725934	6725934	0	0	0	0	1.19592619700253E-07	0.060606060606061	0	0	1.66461142642551E-07	0.08695652173913	0	0	1.11287047690024E-06	0.580645161290323	2.47304550422276E-07	0.129032258064516	4.32782963238982E-07	0.225806451612903	5.64977295346639E-06	2.92307692307692	8.92069413705219E-07	0.461538461538462	2.97356471235073E-07	0.153846153846154	0
149	1	0	4	2	0	1	11	7	6	23	2	5	15326997	15326997	15326997	15677317	15677317	15677317	11553235	11553235	11553235	3715433	3715433	3715433	6.52443528239746E-08	0.03030303030303	0	0	2.60977411295898E-07	0.121212121212121	1.27572849359364E-07	0.058823529411765	0	0	6.37864246796821E-08	0.029411764705882	9.5211427794899E-07	0.44	6.05890904149357E-07	0.28	5.19335060699449E-07	0.24	6.19039557435163E-06	2.875	5.38295267334924E-07	0.25	1.34573816833731E-06	0.625	0
150	2	0	1	0	2	0	10	3	5	20	5	3	14681179	14681179	14681179	10136061	10136061	10136061	16327748	16327748	16327748	3114302	3114302	3114302	1.36228841021556E-07	0.060606060606061	0	0	6.81144205107778E-08	0.03030303030303	0	0	1.973153081853E-07	0.08695652173913	0	0	6.12454332342709E-07	0.27027027027027	1.83736299702813E-07	0.081081081081081	3.06227166171354E-07	0.135135135135135	6.42198476576774E-06	2.85714285714286	1.60549619144193E-06	0.714285714285714	9.63297714865161E-07	0.428571428571429	0
151	0	0	1	0	6	0	10	3	3	28	2	0	12313008	12313008	12313008	13169740	13169740	13169740	12337384	12337384	12337384	4653941	4653941	4653941	0	0	0	0	8.12149232746377E-08	0.03448275862069	0	0	4.55589859784628E-07	0.193548387096774	0	0	8.10544601675688E-07	0.344827586206897	2.43163380502706E-07	0.103448275862069	2.43163380502706E-07	0.103448275862069	6.01640631026478E-06	2.54545454545455	4.29743307876056E-07	0.181818181818182	0	0	0
152	0	0	1	0	5	0	9	3	5	39	4	0	13340259	13340259	13340259	11353984	11353984	11353984	10060447	10060447	10060447	5575045	5575045	5575045	0	0	0	0	7.49610633496696E-08	0.03030303030303	0	0	4.40374057247218E-07	0.178571428571429	0	0	8.94592456975321E-07	0.36	2.9819748565844E-07	0.12	4.96995809430734E-07	0.2	6.99545922947707E-06	2.78571428571429	7.17482997895084E-07	0.285714285714286	0	0	0
153	0	0	0	0	4	1	7	2	0	7	1	0	12475210	12475210	12475210	12119462	12119462	12119462	8291882	8291882	8291882	2839272	2839272	2839272	0	0	0	0	0	0	0	0	3.30047653930513E-07	0.117647058823529	8.25119134826282E-08	0.029411764705882	8.44199181802153E-07	0.304347826086957	2.41199766229187E-07	0.08695652173913	0	0	2.46542071347867E-06	0.875	3.52202959068381E-07	0.125	0	0	0
154	1	0	1	0	1	0	8	3	3	26	4	4	11304331	11304331	11304331	7889550	7889550	7889550	9500588	9500588	9500588	5494707	5494707	5494707	8.84616701333321E-08	0.03030303030303	0	0	8.84616701333321E-08	0.03030303030303	0	0	1.26749941378152E-07	0.043478260869565	0	0	8.42053144500109E-07	0.285714285714286	3.15769929187541E-07	0.107142857142857	3.15769929187541E-07	0.107142857142857	4.73182646499622E-06	1.625	7.27973302307111E-07	0.25	7.27973302307111E-07	0.25	0
155	1	0	3	0	16	0	1	13	1	4	8	0	13456550	13456550	13456550	12753528	12753528	12753528	6407866	6407866	6407866	2843753	2843753	2843753	7.4313252653912E-08	0.026315789473684	0	0	2.22939757961736E-07	0.078947368421053	0	0	1.25455481808642E-06	0.444444444444444	0	0	1.56058194725046E-07	0.055555555555556	2.02875653142559E-06	0.722222222222222	1.56058194725046E-07	0.055555555555556	1.40659192271621E-06	0.5	2.81318384543243E-06	1	0	0	0
156	1	0	8	0	19	0	7	35	2	17	3	0	16010052	16010052	16010052	11143142	11143142	11143142	4871846	4871846	4871846	2823005	2823005	2823005	6.24607590281406E-08	0.021739130434783	0	0	4.99686072225125E-07	0.173913043478261	0	0	1.7050846161702E-06	0.59375	0	0	1.43682702614163E-06	0.5	7.18413513070816E-06	2.5	4.10522007469037E-07	0.142857142857143	6.02195178542015E-06	2.125	1.06269737389767E-06	0.375	0	0	0
157	0	0	2	1	18	0	15	47	8	12	5	1	9580837	9580837	9580837	13696183	13696183	13696183	12654771	12654771	12654771	3016468	3016468	3016468	0	0	0	0	2.08750028833598E-07	0.08	7.30130431230365E-08	0.028571428571429	1.31423477621466E-06	0.514285714285714	0	0	1.18532370123489E-06	0.46875	3.71401426386933E-06	1.46875	6.3217264065861E-07	0.25	3.97816253976505E-06	1.5	1.6575677249021E-06	0.625	3.31513544980421E-07	0.125	0
158	0	0	2	0	12	0	20	66	12	60	8	5	12624246	12624246	12624246	11955055	11955055	11955055	15339884	15339884	15339884	8740241	8740241	8740241	0	0	0	0	1.58425303182463E-07	0.076923076923077	0	0	1.00375949755145E-06	0.5	0	0	1.30379082397233E-06	0.625	4.3025097191087E-06	2.0625	7.822744943834E-07	0.375	6.8647992658326E-06	3.33333333333333	9.1530656877768E-07	0.444444444444444	5.7206660548605E-07	0.277777777777778	0
159	0	0	1	0	22	0	36	64	12	67	4	3	13842254	13842254	13842254	13359376	13359376	13359376	14427344	14427344	14427344	9718831	9718831	9718831	0	0	0	0	7.2242569743338E-08	0.037037037037037	0	0	1.64678350246299E-06	0.846153846153846	0	0	2.49526177514032E-06	1.28571428571429	4.43602093358279E-06	2.28571428571429	8.31753925046772E-07	0.428571428571429	6.89383321924211E-06	3.52631578947368	4.11572132492066E-07	0.210526315789474	3.0867909936905E-07	0.157894736842105	0
160	1	0	3	0	24	0	38	43	14	78	10	4	14880550	14880550	14880550	14407772	14407772	14407772	12264504	12264504	12264504	11112244	11112244	11112244	6.72018171371354E-08	0.035714285714286	0	0	2.01605451411406E-07	0.107142857142857	0	0	1.66576761486786E-06	0.857142857142857	0	0	3.09837234347186E-06	1.65217391304348	3.50605291498131E-06	1.8695652173913	1.14150560022647E-06	0.608695652173913	7.01928431377137E-06	3.71428571428571	8.99908245355304E-07	0.476190476190476	3.59963298142121E-07	0.190476190476191	0
161	0	4	15	0	15	0	21	32	6	16	8	2	15434069	15434069	15434069	12004245	12004245	12004245	12368996	12368996	12368996	3748619	3748619	3748619	0	0	2.59166911849364E-07	0.114285714285714	9.71875919435115E-07	0.428571428571429	0	0	1.24955796886851E-06	0.555555555555556	0	0	1.69779341831787E-06	0.7	2.58711378029389E-06	1.06666666666667	4.85083833805104E-07	0.2	4.26823851663773E-06	2	2.13411925831886E-06	1	5.33529814579716E-07	0.25	0
162	0	0	2	0	7	0	5	4	3	5	6	0	13472392	13472392	13472392	9262355	9262355	9262355	10058576	10058576	10058576	2975014	2975014	2975014	0	0	0	0	1.48451737449445E-07	0.054054054054054	0	0	7.55747323439881E-07	0.269230769230769	0	0	4.97088255832635E-07	0.172413793103448	3.97670604666108E-07	0.137931034482759	2.98252953499581E-07	0.103448275862069	1.68066435989881E-06	0.625	2.01679723187857E-06	0.75	0	0	0
163	0	0	2	1	3	0	4	1	2	3	0	0	13232306	13232306	13232306	11288475	11288475	11288475	4974336	4974336	4974336	2444518	2444518	2444518	0	0	0	0	1.51145235002879E-07	0.047619047619048	8.85859250253024E-08	0.03030303030303	2.65757775075907E-07	0.090909090909091	0	0	8.04127425248315E-07	0.235294117647059	2.01031856312079E-07	0.058823529411765	4.02063712624157E-07	0.117647058823529	1.22723579863188E-06	0.428571428571429	0	0	0	0	0
